iso_a3,SSP,variable,2015,2016,2017,2018,2019,2020,2021,2022,2023,2024,2025,2026,2027,2028,2029,2030,2031,2032,2033,2034,2035,2036,2037,2038,2039,2040,2041,2042,2043,2044,2045,2046,2047,2048,2049,2050,2051,2052,2053,2054,2055,2056,2057,2058,2059,2060,2061,2062,2063,2064,2065,2066,2067,2068,2069,2070,2071,2072,2073,2074,2075,2076,2077,2078,2079,2080,2081,2082,2083,2084,2085,2086,2087,2088,2089,2090,2091,2092,2093,2094,2095,2096,2097,2098,2099,2100
-99,ssp1,tx90pETCCDI,28.164682,27.40281,35.689598,25.987831,27.757828,27.16234,33.47617,30.559517,30.96413,26.851892,24.711283,27.367401,22.823336,27.531605,27.340525,29.75402,29.017954,23.921621,28.390879,35.491768,34.980404,31.514568,28.120638,31.026838,34.741516,32.84868,37.970963,32.178715,36.915382,39.08965,38.672688,36.9542,35.02445,35.094772,32.41387,31.3777,35.611958,30.107502,37.595463,33.912132,30.687918,33.69068,34.29958,28.200514,28.552874,29.712183,30.078758,32.063755,32.76399,35.082115,33.568733,33.367924,42.114143,39.075504,33.16263,37.016907,42.23881,35.365765,29.469599,38.301666,39.55657,42.514256,40.820423,40.33743,36.60931,36.359642,35.85906,32.373558,29.482288,22.988045,24.183495,29.172483,28.61558,28.556007,27.170319,31.644955,26.63133,29.803757,32.2892,28.997051,30.941734,32.366253,35.147625,30.993244,31.122393,26.261805
AFG,ssp1,tx90pETCCDI,27.953636,20.226988,22.82824,18.665964,18.18546,23.230349,25.395153,22.998947,23.513172,17.440102,18.373024,20.339304,36.219177,32.925602,24.849314,31.624868,25.763964,27.366539,29.787146,40.00632,29.433086,21.834805,32.219177,28.868282,39.61433,26.738125,36.83035,43.12118,20.659641,36.04876,32.699684,36.967335,44.404636,43.58344,29.987356,23.057955,29.203373,42.34132,45.251842,36.628033,51.964172,25.437159,29.125395,31.17176,34.5922,46.50063,33.888306,45.47313,29.43941,25.527533,30.408852,33.173866,29.359325,44.777218,33.2961,30.973658,52.961014,42.440098,35.24131,29.620655,22.314016,40.998318,48.07376,35.30453,27.45627,35.42455,41.253952,22.914646,40.743942,50.40143,39.397263,37.494205,34.290833,24.619587,27.289778,36.381454,28.469969,35.325768,32.809273,37.502632,16.979979,28.11055,28.7039,31.74078,24.958904,34.28451
AGO,ssp1,tx90pETCCDI,12.614208,17.951454,11.950303,20.860147,21.692259,15.303088,20.437082,14.81491,24.708506,25.245901,15.701816,22.737177,12.160561,36.2168,22.61612,20.470213,17.882128,29.744568,40.97738,17.391525,28.351704,41.392807,41.215675,16.006372,31.884039,50.35964,22.18796,26.17139,37.456516,43.511246,34.45938,43.383244,34.073273,31.266996,28.694489,40.173306,36.900925,23.283772,27.114367,37.90124,22.869703,32.49714,40.762028,23.93501,42.807262,49.886894,21.000319,24.123606,36.545395,42.49714,28.109589,39.262188,41.510033,18.943958,33.784008,41.650208,32.06626,20.210953,37.880856,52.335136,50.463203,31.765156,28.161835,37.15196,45.913986,25.033676,29.891047,51.766808,48.026756,23.306644,26.01083,28.516088,31.784645,37.86885,26.967823,36.161835,53.099712,40.33549,37.827335,41.18891,47.11182,31.105604,36.417965,37.502388,45.11373,52.366997
ALB,ssp1,tx90pETCCDI,14.755382,9.758001,29.080235,13.307241,29.393345,23.92662,15.029353,33.73777,41.369865,21.935987,27.318983,33.150684,29.510763,21.623732,20.39139,27.475538,34.79452,23.419205,16.007828,12.21135,18.669277,14.363778,36.20352,45.048923,38.630135,36.416862,28.727983,31.545988,30.450098,37.15847,55.342464,23.7182,29.784735,31.10851,35.381603,43.99217,32.407047,44.301327,27.553816,31.780823,19.726028,33.723656,25.87084,36.868885,19.060665,33.957848,36.360077,46.497066,38.982388,36.104607,49.902153,31.976517,37.76908,31.850117,29.510763,40.078278,24.383562,40.124905,17.260275,41.83953,36.086105,25.722092,21.448141,29.393345,35.10763,33.216236,32.36791,23.757338,27.39726,27.82982,26.183954,40.82192,31.585127,21.311476,40.234833,35.068493,20.117416,29.352068,21.761251,20.978474,35.49902,29.508196,19.960861,41.87867,12.798434,28.336596
ARE,ssp1,tx90pETCCDI,21.819962,27.010149,23.561644,17.338552,22.778866,26.190475,20.7045,24.716244,20.919765,23.126465,28.19961,42.857143,36.027397,35.16784,33.933464,42.211353,24.207438,27.517565,37.338554,38.532288,31.11546,43.911007,33.855186,38.94325,35.694714,45.140514,32.66145,46.30137,44.598824,40.320065,32.563602,35.20548,51.74168,38.91491,47.103718,45.792564,45.20548,43.20843,38.630135,44.6771,56.497066,40.066353,39.275932,37.84736,43.953033,50.42935,37.925636,33.581215,43.757336,38.32943,35.870842,43.28767,38.297455,37.11944,48.96282,46.164387,47.76908,41.17877,46.027397,52.446186,38.708412,50.292744,44.774952,40.606655,47.553814,33.8993,48.806263,50.939335,42.0548,45.51132,51.976513,36.555775,47.964775,39.968777,43.28767,39.060665,44.207436,55.347385,41.87867,39.530334,34.422703,42.798595,42.759296,39.843445,30.195694,38.806263
ARG,ssp1,tx90pETCCDI,9.274264,6.3703833,12.316623,11.831828,13.090449,20.02335,9.91402,10.658215,11.812882,14.038581,12.874283,11.426212,13.944914,8.275685,11.547654,21.875547,18.11911,13.528466,11.4228115,17.857769,15.768484,11.213327,14.028466,17.516273,11.176528,13.511995,17.933546,19.660448,19.617702,14.189241,16.109493,14.444283,15.8398905,15.9579315,13.658797,14.216943,14.986884,15.977794,19.181969,15.90207,15.771884,14.916387,13.736033,16.394152,12.782959,12.223869,12.833964,16.724958,23.08025,14.996802,16.574371,21.105122,16.690954,14.006607,23.41397,14.435539,16.62052,15.549548,17.047993,13.731663,14.624017,11.458939,16.795881,18.85262,11.5938015,18.136457,15.678616,16.336344,16.866802,15.115491,16.302828,13.670456,19.285437,14.731329,15.408044,18.45866,16.687555,16.263128,14.271349,22.285534,18.241037,13.167073,12.5765085,13.121539,12.169921,17.87914
ARM,ssp1,tx90pETCCDI,15.296803,12.340619,22.785387,16.210047,16.30137,19.899817,17.534246,32.876713,31.96347,11.202186,31.643837,46.438354,30.045662,23.041895,26.894976,28.584475,32.60274,18.943533,17.534246,13.470319,26.164383,16.120218,25.525114,38.127853,37.21461,28.7796,16.803652,38.812786,32.876713,36.885246,23.424658,27.899544,21.96347,24.225866,29.771688,24.703196,29.360731,42.62295,32.054794,19.086758,33.51598,21.812386,25.068495,33.88128,35.525112,20.673952,29.178083,37.716892,27.990868,12.386157,29.132421,45.02283,22.60274,26.593805,30.593607,20.821917,39.497715,30.510017,30.456621,26.210047,18.356165,32.923496,35.84475,18.858446,28.356165,32.969036,26.484018,30.41096,46.392696,55.100178,52.42009,38.082195,20.091324,24.13479,23.24201,9.452055,24.840181,21.2204,32.511417,20.182648,12.922375,24.81785,25.6621,21.324202,18.767122,28.447489
ATA,ssp1,tx90pETCCDI,11.016392,14.648813,14.671094,13.62095,11.743139,15.111631,11.100933,11.828657,12.603035,12.984711,15.546434,13.88352,17.142593,15.964488,16.15757,14.325982,11.482477,14.953818,15.522518,12.021724,13.454775,14.926726,19.68537,20.49198,18.10586,15.246818,16.38205,13.746489,13.22991,16.909245,20.082155,22.033693,20.465336,16.568087,18.470005,16.81195,16.698746,15.61144,15.99235,18.232534,18.896706,17.296562,18.226334,16.95725,12.722395,18.227139,14.172937,18.602358,14.666438,15.157184,13.709534,20.011152,14.418564,18.191689,14.7004175,15.952623,15.431821,16.210848,13.015333,13.87548,14.137595,17.883081,19.197844,13.532684,24.651037,19.41406,13.600688,21.451246,21.060297,20.77112,12.531895,16.755371,17.580423,16.912708,22.17779,15.3967285,19.208677,18.74142,18.706522,20.55317,17.63866,16.714212,16.730864,21.647947,18.445974,17.868614
ATF,ssp1,tx90pETCCDI,16.301369,5.259563,20.205479,12.123287,18.013699,12.090164,7.39726,10.0,7.1232877,15.368853,13.287672,13.767123,11.164384,20.491802,13.493151,13.219178,18.49315,16.59836,16.438356,13.69863,17.80822,18.647541,29.041096,33.42466,36.91781,13.6612015,15.616438,46.027397,41.09589,36.885246,32.260273,33.150684,25.753426,26.297813,16.50685,31.643835,28.013699,21.721312,21.575342,39.041096,51.50685,30.396175,18.767122,30.479452,20.547945,16.325136,22.123287,23.424658,13.90411,25.068306,12.123287,16.917809,31.643835,39.20765,28.835617,20.342466,14.657534,36.202187,45.068493,39.452053,51.369865,18.579235,18.972603,35.27397,31.780823,44.603825,51.849316,37.53425,39.041096,33.06011,34.041096,54.315067,38.69863,27.937159,27.876713,39.863014,25.616438,32.786884,30.342466,31.164383,44.65753,42.62295,36.232876,31.986301,35.136986,26.09589
AUS,ssp1,tx90pETCCDI,14.021179,9.3717785,11.761196,19.319925,21.232489,12.999263,16.303896,13.281841,19.011757,16.493818,17.649858,10.7807255,9.246478,19.719799,12.61537,8.302536,16.408434,14.8132,20.002914,11.6232395,19.810162,26.746502,25.802973,19.392597,13.721558,26.64322,11.626737,18.421257,17.0034,20.317793,17.70815,29.443312,31.765081,33.128513,15.596814,16.812786,25.390072,14.543851,13.171087,18.673273,11.914893,12.245862,21.129505,15.061692,21.32459,25.791964,12.829107,18.351112,19.74507,22.73069,12.763237,12.227533,22.668999,17.206333,16.368988,27.03993,18.48324,13.032787,24.854172,35.78937,24.879238,29.1189,23.963276,23.048092,24.226368,16.134363,20.729233,29.117266,29.977848,8.140719,15.598756,24.63441,22.886621,25.095144,14.113086,15.687943,30.17507,26.041157,18.076557,28.59555,21.311766,12.219316,22.34062,25.643642,25.433985,17.994755
AUT,ssp1,tx90pETCCDI,14.390084,13.166798,31.011091,20.0,25.466408,30.627115,10.984997,22.87019,33.046314,16.432474,15.825179,21.969994,23.157207,18.696331,11.545988,24.044357,31.637312,13.257872,21.369864,21.578604,24.370516,20.856102,24.031311,33.398567,34.572735,28.80562,25.009787,28.114807,33.73777,31.654957,45.923027,21.643837,20.430529,29.79443,30.136986,32.446186,31.376387,31.602915,26.34051,24.266146,17.077625,26.736923,19.25636,22.087412,21.539465,28.961748,37.990868,34.89889,25.76647,30.731197,36.71233,28.806263,40.1696,26.945095,21.461187,32.667973,31.167646,40.970596,14.194389,37.834312,34.651012,26.932085,27.11024,31.637312,19.934769,25.448868,31.637312,19.543379,20.39139,17.824615,13.411611,30.645792,23.1833,17.382254,21.839529,26.718851,17.72994,24.980484,16.216568,21.148075,21.435095,16.848816,22.857143,37.80822,10.4240055,15.172863
AZE,ssp1,tx90pETCCDI,22.656343,10.869565,23.549732,14.53246,18.880285,21.287718,14.98511,31.697437,25.122097,15.24115,33.460392,39.952354,30.720667,26.752197,28.17153,31.649792,27.802265,20.71751,23.34723,14.580108,25.086363,19.458303,27.90947,34.98511,38.237045,32.406746,16.14056,43.251934,31.351995,32.430508,27.421083,30.649197,26.527695,25.540508,25.193567,24.026205,27.135199,36.17249,31.459202,27.182848,35.43776,21.358994,24.38356,30.827873,39.297203,20.38489,28.195354,40.476475,26.039309,16.80922,29.803453,43.656937,25.241213,30.743645,35.020844,24.943419,36.66468,34.105488,35.664085,24.991064,17.069685,26.0038,35.747467,24.05003,29.91066,28.74792,30.10125,30.99464,40.547943,45.842243,50.33949,31.149494,27.45682,28.142076,23.442526,12.555092,26.206076,17.557615,34.556282,22.918404,18.558666,29.116179,27.075642,22.04884,22.370459,29.493746
BDI,ssp1,tx90pETCCDI,19.835615,33.825138,14.246576,21.205479,19.780823,28.96175,16.0,15.890411,17.972603,26.065573,18.465754,37.42466,10.79452,40.21858,22.356165,21.643835,11.232877,37.15847,25.69863,19.835617,43.945206,38.14208,23.232876,28.164383,31.726025,50.10929,21.972603,20.383562,47.452053,49.562843,34.739723,40.328766,35.835617,26.885244,25.041096,44.767124,46.027397,36.174862,25.205479,42.57534,19.890411,30.765026,29.150684,37.369865,47.0137,48.032787,23.178082,41.31507,43.72603,40.765026,31.726028,49.589043,45.260273,25.027323,35.835617,37.643837,28.0,30.655737,59.835613,47.28767,24.219177,35.57377,30.465754,45.53425,35.945206,42.349724,32.10959,51.34247,30.849316,22.349728,25.643835,28.219177,51.835613,28.524591,24.383562,42.30137,41.753426,40.382515,35.232876,53.31507,53.095894,29.016394,19.780823,39.342464,34.30137,51.726025
BEL,ssp1,tx90pETCCDI,15.102739,12.090164,32.568493,22.054794,16.130136,25.34153,13.69863,25.171232,22.80822,14.924863,11.712329,19.31507,23.90411,12.534153,11.30137,23.90411,22.19178,12.602459,18.390411,19.452055,29.178082,20.799181,22.636986,24.452055,18.047945,20.79918,27.328768,17.534246,26.712328,31.796448,28.184933,22.157534,16.952055,34.01639,22.979452,23.664383,27.91096,20.047813,30.513699,20.171232,20.239727,17.896175,21.40411,20.0,16.746574,18.51093,23.116438,22.226027,18.49315,29.43989,26.71233,26.09589,38.32192,26.229507,19.931507,23.767124,28.630136,26.36612,23.767124,22.60274,31.917809,28.995901,36.71233,22.636986,26.164383,21.413935,30.171232,13.082191,24.79452,16.051912,14.246575,27.226028,19.349316,14.173497,14.897261,17.363014,18.869864,18.101093,17.945206,24.520548,13.047945,13.86612,33.938354,22.808218,14.417809,15.753425
BEN,ssp1,tx90pETCCDI,14.39162,10.848601,12.489927,22.15955,25.108782,7.280617,24.560837,5.5922647,23.400484,37.592415,11.377921,23.319902,13.231265,36.51559,25.108782,10.362611,13.231265,22.822245,36.64786,22.304592,21.46656,42.156864,41.321514,12.135374,22.72361,35.69592,17.630941,25.705076,24.335215,32.144005,20.048347,27.510073,31.748589,26.872389,29.121675,38.09831,34.004837,18.273867,27.348913,34.81064,32.10314,34.345867,30.701046,25.092667,32.92506,38.910316,12.586624,21.17647,33.569702,39.56927,32.71555,25.350523,31.958097,27.900995,39.854954,34.39162,20.886381,13.64513,24.06124,39.854954,37.356968,29.026037,18.146654,46.607574,43.190975,13.789779,43.416595,44.850925,35.92264,23.722275,30.958906,36.390007,30.894442,35.2459,35.310234,27.203869,37.502014,29.492125,50.314262,29.846899,32.377113,24.059788,22.788073,18.98469,49.3473,50.781628
BFA,ssp1,tx90pETCCDI,16.379648,12.138954,15.622961,28.90411,25.225048,13.4920635,18.812784,6.6144814,26.020874,35.759823,11.428572,23.809525,14.611872,39.188133,23.1833,8.662753,14.220482,27.933905,38.34312,18.160471,23.894325,41.60812,38.701893,9.8760605,29.928246,33.372368,17.410305,26.992825,23.131115,32.773872,27.716896,28.434443,40.410957,29.618786,31.206783,39.928246,28.577951,19.808743,32.43966,36.497063,36.425312,36.76815,23.933464,26.412264,37.136333,33.970856,9.843444,24.19439,30.039139,29.19594,29.575994,23.124594,29.354208,27.524069,38.610565,30.671885,18.232224,11.696591,27.279842,36.320942,41.689495,33.35285,15.870841,48.832355,41.852577,16.653656,45.140247,50.287018,34.618397,22.228727,30.691456,32.883236,34.74886,32.578716,32.00261,26.75799,39.536858,29.631798,45.45336,32.224396,34.761906,24.746292,19.771688,20.313112,50.49576,46.060013
BGD,ssp1,tx90pETCCDI,5.449011,8.702691,10.279046,21.836632,8.259767,7.296094,12.156266,6.382547,10.126839,9.41105,3.3891428,7.9147644,6.4941654,6.7192874,9.507865,10.674785,9.091831,5.292451,20.99442,5.4185696,11.567732,10.564663,27.853882,9.27448,13.668189,15.91783,10.502283,14.591578,23.723999,10.928962,8.675799,11.8619995,14.591578,10.28132,16.052765,30.979198,30.847286,29.872496,17.016743,20.821917,29.518013,15.523173,24.10959,27.376966,18.254692,25.753895,18.061897,23.845764,27.15373,14.774337,24.73871,21.268393,13.515983,20.937057,33.140537,23.135464,18.569254,13.782635,29.731102,45.053272,22.760021,31.147543,24.403856,39.33029,24.860476,21.028133,19.989853,15.098934,26.849316,15.766039,31.141552,17.564688,24.079147,17.466099,25.33739,22.962963,17.037037,23.770493,18.072044,29.77169,20.324709,19.88464,25.053272,21.826485,29.731102,34.388638
BGR,ssp1,tx90pETCCDI,7.0319633,7.308743,28.607306,13.242009,22.157534,26.5255,17.328768,31.826485,27.237442,16.074682,28.116438,27.694063,26.301369,17.770948,24.440638,27.545662,32.956623,12.135701,17.248857,9.246575,14.828767,15.163934,20.99315,37.968037,34.680363,28.267303,14.018265,27.842466,23.196348,26.12705,45.171234,22.283104,26.461187,23.759108,36.06164,39.66895,27.70548,41.826046,18.972603,30.148401,16.986301,25.387068,18.995434,31.632421,14.200913,25.739983,40.159817,37.80822,29.46347,24.795082,40.958904,33.8242,22.62557,27.800547,24.486303,34.15525,19.58904,29.610657,15.787671,30.99315,26.267122,21.197632,17.077625,25.068495,26.780823,26.730417,23.082191,22.237442,22.454338,26.821493,25.776255,28.584475,27.762558,12.989526,28.789955,29.885843,20.547945,24.601547,19.863014,16.369864,29.109589,21.334244,17.659819,35.034245,10.5593605,23.150686
BHS,ssp1,tx90pETCCDI,24.794521,27.73224,25.753426,44.38356,50.0,45.491802,45.205482,46.438354,52.739723,40.983604,55.61644,46.164383,36.438354,45.765026,49.178085,24.657536,51.780823,49.043716,55.89041,68.49315,67.945206,59.836067,60.0,54.246574,72.054794,63.52459,61.780823,59.452057,58.90411,55.601093,60.410957,67.39726,64.79452,70.76503,66.438354,66.9863,75.753426,77.73224,77.671234,57.123287,42.328766,55.464478,66.57535,70.410965,76.30137,66.80328,75.753426,74.65753,52.876713,65.84699,72.054794,67.12329,54.65753,56.69399,48.08219,69.178085,73.69862,61.065575,72.87671,56.712326,66.84931,66.939896,82.87671,56.027397,67.945206,74.04372,57.80822,72.19179,65.89041,42.896175,44.931507,69.04109,70.95891,63.934425,59.0411,57.945206,66.84932,69.94536,61.50685,47.260273,53.972603,66.53005,68.90411,66.84932,57.671234,44.931507
BIH,ssp1,tx90pETCCDI,12.328767,8.072529,29.638855,15.591532,26.052305,26.304024,15.641345,30.11208,38.281445,17.734724,23.760897,28.36862,30.03736,23.323397,14.645081,23.462017,28.866749,18.703428,17.833126,12.353674,18.82939,12.667661,26.799501,40.94645,37.260273,31.594635,24.383562,29.265257,30.48568,30.849476,51.85554,17.80822,25.703611,31.395927,34.844334,40.747196,25.92777,38.946842,21.917809,25.579079,15.367372,32.836563,22.341219,30.261518,19.053549,31.644312,37.3599,38.156914,31.656288,30.129162,44.433376,23.486925,36.911583,24.565325,25.628893,32.22914,25.255293,36.63686,11.382317,40.523037,32.4533,23.47243,18.381071,28.318804,27.795765,30.973671,28.194273,18.854296,20.448318,21.5847,19.20299,35.367374,27.32254,17.7844,35.317562,31.780823,17.559155,28.489815,18.132006,22.839354,27.098381,25.459515,12.826899,41.36986,8.318805,24.68244
BLR,ssp1,tx90pETCCDI,14.5541935,6.0061355,27.474163,16.063446,18.562845,21.833956,22.162943,20.447008,19.735641,14.389799,15.726989,19.716413,28.372988,30.222414,14.039894,35.385727,28.570055,6.5669637,13.847632,15.755828,19.745255,19.528328,23.931747,30.204277,42.388847,27.030006,21.855324,37.08724,30.209085,36.166233,34.371544,11.367459,16.438356,17.582207,27.61836,21.72074,30.151405,26.929344,19.029081,27.161741,15.577986,23.746525,19.975967,20.83153,19.490507,17.807497,38.663784,28.084595,22.086037,33.582592,37.702473,38.95698,33.16991,23.128176,16.020187,21.735159,19.149242,31.559774,15.520308,22.701275,24.124008,34.037964,15.765441,29.440039,16.284548,13.119548,21.850517,17.52944,18.577267,20.578085,14.510935,17.505407,18.481134,15.219058,13.208364,29.194906,13.987022,21.934618,21.49964,19.812546,36.356647,20.439075,25.104542,30.49267,13.342947,14.534967
BLZ,ssp1,tx90pETCCDI,9.13242,16.120218,10.319634,26.849314,7.7625566,15.938069,22.831049,10.958904,30.319635,12.021858,8.310502,21.004566,20.913242,23.315119,29.31507,7.39726,21.27854,25.227686,30.319633,20.273973,21.004566,25.409836,22.37443,18.447489,15.890411,39.25319,20.365297,17.990868,43.744293,30.054644,35.525112,25.20548,35.525112,30.145721,16.621004,36.803654,33.881275,31.876139,26.940638,26.118723,22.009132,17.486338,26.027397,22.739725,30.593607,35.792347,22.100456,39.17808,31.50685,24.772314,33.78995,26.666666,31.689499,22.586523,19.817352,30.867579,10.684932,14.480874,35.707764,18.538813,40.0,19.945356,31.872147,34.703197,14.977169,30.14572,32.42009,31.689499,24.474886,8.014572,28.401825,22.283106,34.063923,32.51366,22.100456,30.502283,37.808216,30.874315,26.027397,18.356165,28.127853,31.32969,22.009132,26.484018,26.75799,24.657534
BOL,ssp1,tx90pETCCDI,22.6513,15.168994,14.881496,31.305357,20.043488,14.15127,17.34435,12.850619,30.69073,26.06326,22.61796,25.570778,28.398928,38.601208,18.037254,17.38204,21.304632,35.75332,41.40755,16.403566,15.068494,21.88828,33.13184,17.571936,35.36131,57.43921,25.598318,32.649128,45.214176,47.918293,38.920055,46.430386,32.07509,31.627491,30.000727,46.33616,34.623466,34.614162,32.527363,38.22715,24.99239,39.07393,46.94209,29.354208,34.72784,44.052677,26.66087,29.665869,43.14706,51.94148,35.672974,43.506557,41.26839,28.24038,31.661955,52.830326,37.8836,18.199034,39.11285,50.435604,35.168514,38.086567,28.788866,34.065376,41.013264,22.906004,25.10401,40.24498,37.800972,16.610287,26.085382,25.288107,41.433647,41.175873,30.600855,35.10908,45.124302,32.723278,31.36044,42.455605,36.486195,24.173822,30.151482,37.01964,47.121838,44.257446
BRA,ssp1,tx90pETCCDI,18.7487,21.57537,14.383084,29.350199,25.504845,21.572514,22.686077,16.340412,29.77328,23.677578,24.771132,23.91962,25.019524,50.57786,23.329865,14.297934,22.717007,39.407665,49.239655,20.853802,21.105246,31.480932,47.217793,22.010595,37.7771,61.62373,18.764736,23.607082,44.369625,61.39335,42.72636,51.54656,41.72975,36.79519,37.761253,57.397163,43.36824,30.190208,34.427185,41.038803,27.0557,33.676815,51.100567,27.45492,51.585697,54.705547,27.869598,25.785309,42.184334,56.50273,28.481312,34.428333,47.343037,35.185547,34.003723,56.74555,35.27297,29.00573,42.699444,57.492622,42.632046,47.393234,31.424372,42.937138,51.380272,27.218063,37.697292,50.743923,48.24934,23.871786,30.453533,31.719727,42.851986,45.600235,27.789223,40.827644,51.238796,42.592678,41.570713,34.873943,40.164383,42.656654,41.525467,46.067112,58.181854,53.375206
BRN,ssp1,tx90pETCCDI,31.689499,14.754098,21.187216,27.031961,28.767122,22.768671,43.744293,20.0,27.031961,47.63206,37.351597,37.62557,26.940638,53.460835,43.835617,29.406393,28.767122,38.52459,50.319637,43.47032,44.018265,46.174866,61.09589,37.534245,47.30594,78.051,51.6895,44.292236,40.913242,62.568302,35.068493,61.643833,48.03653,53.55191,50.228313,69.0411,70.31963,60.473587,52.78539,65.11416,35.89041,33.788708,66.94064,51.05023,58.538815,69.3989,48.127853,42.100456,49.680363,72.31329,45.570774,50.319637,68.76712,47.176685,50.13699,70.593605,61.09589,51.639343,53.972607,72.51141,69.58904,47.996357,53.51598,54.885845,71.78082,62.750458,47.85388,74.246574,83.470314,53.005463,45.20548,45.20548,60.182648,63.38798,54.06393,53.424656,66.210045,45.90164,52.14612,56.07306,57.7169,39.890713,53.333332,51.141552,68.76712,76.80366
BTN,ssp1,tx90pETCCDI,17.431507,19.535519,9.452055,21.438356,21.19863,18.886612,24.828768,20.342464,16.40411,17.896175,16.267124,26.369864,20.958904,30.293716,27.363014,20.239727,27.671232,17.452187,29.486301,21.678082,30.342466,23.360657,37.876713,20.10274,25.445206,31.8306,25.958904,26.061644,24.58904,33.74317,26.19863,25.136986,34.96575,33.230873,31.438356,33.08219,42.671234,45.491802,30.821918,26.472603,43.39041,30.532787,33.527397,34.589043,31.164383,39.78825,34.828766,38.219177,36.267124,27.185793,46.30137,37.739727,36.780823,42.62295,47.60274,35.410957,42.260273,32.61612,38.561646,53.219177,34.897263,48.39481,37.671234,37.46575,39.589043,39.31011,42.60274,31.130136,43.356163,32.650272,40.958904,38.356163,35.58219,33.162567,32.020546,32.157536,30.068493,40.983604,37.70548,40.856163,26.780823,37.192623,34.246574,37.431507,32.39726,46.472603
BWA,ssp1,tx90pETCCDI,7.195658,15.5866585,10.66167,15.515636,11.610235,16.798122,16.381495,9.511501,28.226933,26.647076,15.841303,18.120962,4.667873,32.61161,22.01344,20.705608,13.471181,17.754408,32.052208,6.9010077,43.95451,23.517889,32.889633,19.408115,24.264668,32.13991,18.973896,26.337555,24.290514,19.306114,39.873352,49.558025,18.503489,21.223837,22.819849,29.18325,34.673042,36.24085,13.0421295,49.23753,14.613596,33.946796,25.213234,34.10959,30.214525,30.851118,19.545101,13.92608,23.980356,23.566862,14.458517,33.145515,26.009304,18.58439,15.479452,19.108297,18.7542,19.285494,12.184027,47.231842,44.603256,21.203217,31.64642,24.311192,22.27449,23.303947,21.89196,42.576897,51.12174,15.839262,11.938486,30.591885,22.607908,22.388906,25.45619,42.77591,47.027657,19.215899,24.897905,22.584648,28.54226,17.83689,34.74541,33.406567,49.405533,44.781597
CAF,ssp1,tx90pETCCDI,12.863667,8.428311,7.07893,13.983041,11.133725,11.277647,18.361383,7.4494452,11.415525,22.21962,11.423352,16.691456,9.009785,21.472807,16.785387,8.352251,8.271363,18.920115,21.925636,19.535551,25.356817,35.761124,21.66732,19.303328,17.179386,30.908146,15.772995,13.033268,23.806915,31.150145,17.826485,21.873451,17.200262,18.865469,23.431181,30.452707,28.32094,18.311214,23.081541,28.091326,24.801044,17.527973,26.356163,19.835617,31.358122,34.05152,11.924332,14.883236,32.24266,30.68436,28.88454,29.145466,30.322245,20.603695,26.473581,29.847359,28.42531,19.300026,27.290281,43.6895,25.12981,19.203747,19.778214,27.639923,23.671234,13.520687,33.004566,38.93281,26.773647,10.541244,25.45075,25.080235,24.180038,28.763987,23.966082,26.34051,48.701893,28.607859,39.373775,30.486628,33.187214,21.223003,16.910633,16.965427,33.179386,38.771038
CAN,ssp1,tx90pETCCDI,13.763937,17.299479,16.70845,17.311253,21.113861,17.25527,18.432474,15.294258,17.855003,20.56601,20.683071,22.064333,25.016842,25.113165,23.668194,25.367361,21.099691,21.597647,23.663998,16.592005,18.0005,23.100813,30.416105,30.959696,25.122757,32.178387,19.239985,27.43494,29.492544,24.548244,26.445362,28.361588,24.580116,21.730982,21.748327,22.048264,24.900713,20.71403,20.314344,22.511507,18.591587,21.775429,22.37076,21.610508,23.241522,30.902658,19.210854,22.125525,20.274923,25.162031,17.356295,24.97837,30.264433,24.471905,29.578115,33.016666,31.776468,26.89532,24.391241,31.027695,33.385868,31.434029,23.256561,26.013702,29.161894,29.551615,28.462515,31.33816,30.15828,20.476013,33.481415,23.90702,27.712397,27.411058,18.828037,23.489054,24.786724,17.524626,26.740946,25.631123,22.85063,27.836487,20.68228,25.800762,28.22084,30.190895
CHE,ssp1,tx90pETCCDI,17.945206,15.5510025,36.96347,22.465754,23.92694,31.62568,15.159818,24.885843,31.369864,21.357012,14.1780815,24.726028,20.479452,11.657559,11.643836,22.12329,32.739727,16.93989,21.141552,27.168951,29.954338,25.364298,26.689499,32.16895,33.744293,26.798723,29.908676,28.904108,32.534245,34.153004,43.94977,23.72146,26.187216,38.387978,35.776257,34.497715,35.47945,32.695812,33.721462,30.753426,18.72146,27.071947,27.168951,24.56621,24.840181,28.893442,35.296803,33.0137,26.461187,39.776867,38.858448,30.61644,41.34703,30.942621,21.712328,34.452053,34.97717,41.848816,16.50685,32.511417,34.680367,28.75683,32.37443,33.05936,27.100456,27.39071,37.762558,21.484018,24.109589,16.484518,18.858446,33.721462,30.091324,19.17122,24.634705,25.730593,18.744291,27.550093,20.707762,26.210045,19.771688,22.60929,30.41096,26.461187,11.255708,17.031963
CHL,ssp1,tx90pETCCDI,15.6825695,13.130457,14.178869,18.192411,16.046291,15.374349,17.485435,19.319792,14.912612,20.027008,17.18312,15.496772,13.459297,19.069153,21.020311,14.193041,14.951976,19.843288,24.840183,18.697842,23.145962,24.63413,24.958275,21.412376,18.182964,28.181332,20.57314,18.46166,23.78208,25.593555,25.107857,22.607464,26.43678,27.769926,17.627146,28.280584,24.60085,20.055273,26.69501,30.299166,18.411274,26.030085,27.175247,23.355377,24.766178,30.08291,19.924421,25.08424,30.993546,23.927519,22.494095,34.663834,32.629505,20.871805,26.735947,28.595495,21.532043,20.783869,21.82176,29.313494,30.98882,22.57396,29.148165,32.33664,25.947094,27.992903,22.410645,27.217762,34.17572,20.038,24.517399,21.977642,32.165012,27.157526,19.330814,28.02236,33.201073,26.937695,23.304993,22.673595,26.068336,21.631807,24.4245,28.916706,26.406864,32.591717
CHN,ssp1,tx90pETCCDI,15.408597,15.733515,16.13435,18.40044,21.849844,19.06803,19.849407,20.84617,21.948689,16.691275,18.145927,18.716291,23.561644,23.29351,19.567678,22.330954,25.704777,19.202744,29.41208,23.386938,26.360168,26.321194,24.886667,24.150904,32.67733,32.30428,23.807276,29.200571,27.01288,25.448788,31.80451,28.38768,34.223026,29.86973,29.833683,29.241323,29.686617,26.610727,27.917992,26.31406,33.675648,31.143042,25.220285,30.303232,34.605007,29.43873,24.923187,26.943506,26.82337,29.022636,32.12163,32.011223,30.63713,32.058758,33.07186,27.517677,32.38686,29.745422,30.022913,35.49588,31.393763,34.888165,26.816885,33.06453,28.043627,30.953766,31.171257,31.827917,37.225586,25.560158,25.214926,27.255127,26.77275,21.210651,22.15949,24.493263,27.734684,30.119751,26.475653,35.64802,23.933332,27.590706,26.615528,29.885294,26.223112,29.773758
CIV,ssp1,tx90pETCCDI,19.230955,14.399386,9.838981,21.87455,26.863735,11.312433,29.113194,14.07354,23.44148,36.731857,25.719778,31.208843,23.282866,47.071228,39.913483,20.519106,21.316992,24.97843,44.65273,33.174717,25.657293,42.881794,47.474163,22.244652,24.66234,50.388264,28.776735,31.905792,39.577023,47.080814,36.842106,49.891853,44.59024,39.555172,39.351116,48.26244,54.30906,35.025406,43.056957,45.614037,32.448933,39.14773,51.9106,33.679405,47.47897,55.215225,31.271328,33.13146,43.53761,48.31272,41.350636,46.205242,49.96395,41.280796,49.569817,55.496273,37.630375,31.41597,38.505165,47.36842,45.320835,39.051865,39.91829,52.223026,46.13314,28.367367,54.2658,61.071857,49.017063,28.070175,37.664024,42.297527,43.92213,42.584602,46.681087,40.437393,59.15405,44.386925,60.437393,47.685654,38.33694,35.154827,42.484978,40.69695,52.958424,50.32444
CMR,ssp1,tx90pETCCDI,15.647651,11.395864,8.815676,18.186232,15.505463,13.152798,24.230968,10.442171,18.082191,30.763643,16.13664,22.684238,15.592161,31.766617,24.237906,11.54153,15.678863,25.39946,33.657013,26.266691,27.55679,38.704433,36.9863,21.196463,24.005548,42.972263,21.650772,21.841513,29.93584,44.383343,28.323217,38.29027,29.498873,31.97413,33.133343,45.874805,44.16161,25.247286,31.458298,39.660133,23.787066,28.34613,41.078552,26.571873,39.230103,45.73563,20.849663,22.795214,37.707645,46.27862,34.471996,39.77111,46.117565,26.478521,36.788624,44.178947,37.44408,26.077333,35.05115,49.16941,38.57465,30.08923,32.467487,40.74909,39.035896,25.627724,42.809086,52.7588,34.74944,18.669157,30.98665,33.168026,36.965492,36.376842,35.92856,33.878967,57.21519,39.23359,46.679382,36.39674,40.516735,29.605036,29.491938,28.968267,44.99393,46.40888
COD,ssp1,tx90pETCCDI,13.788267,12.24606,15.563668,14.332598,12.071421,21.831972,11.978169,11.087578,15.198612,18.204363,13.39502,21.700943,10.337948,24.065342,14.238624,15.254273,9.971446,26.004583,23.488632,17.552319,27.606174,27.25536,27.087868,20.862398,26.85293,42.651787,17.866774,19.85976,29.334587,37.116657,28.644957,28.910978,21.172516,24.486355,29.205914,32.88177,35.6815,28.705826,24.872953,30.167347,21.086493,18.878412,22.742619,18.375683,38.17472,33.620975,19.366755,21.421911,28.336285,33.319633,19.184587,27.940868,34.135975,17.179234,22.543102,31.457693,30.856255,25.002523,33.405865,39.5482,27.955326,22.80808,23.391766,24.432718,24.777533,22.916939,26.506668,38.62074,27.147865,13.91352,20.573969,23.727184,30.538187,22.853498,19.241695,26.88835,42.724545,29.766281,31.159143,32.072144,35.86005,21.45061,17.117144,23.4908,34.610188,36.707993
COG,ssp1,tx90pETCCDI,12.940313,9.553083,11.819961,12.152641,12.167319,20.745512,12.451076,9.173189,13.943248,27.566355,16.785715,18.028376,14.608611,29.649687,17.211351,14.104697,10.494128,25.668423,25.425634,19.045988,29.960861,30.17662,37.636986,23.400196,25.973581,46.638367,21.9227,22.235811,22.935421,41.086063,26.267122,29.77006,20.181017,37.851288,30.376713,39.02642,42.925636,31.430523,25.420744,38.429546,23.150684,17.813232,33.7818,20.513699,36.824856,46.155346,21.32094,22.411938,28.047945,41.125095,27.226028,32.00587,37.04501,17.896175,24.050882,40.76321,36.10078,27.717604,32.035225,49.187866,39.98532,26.351484,26.908024,30.694717,34.15362,25.234192,35.983364,42.656555,38.219177,13.18794,23.542074,31.849316,34.843445,34.601875,23.385517,29.393345,55.34736,34.72385,32.04501,31.037182,38.341488,24.843872,23.620352,28.454012,43.869865,43.527397
COL,ssp1,tx90pETCCDI,21.878876,16.03969,16.575342,36.27397,31.348234,19.532642,29.666908,20.449892,30.4124,26.850733,25.1478,21.155012,26.679163,42.985332,23.299206,17.681328,24.409517,41.205063,48.641674,19.22134,29.740448,41.189243,51.19971,25.937996,41.097332,59.394592,15.857245,25.423216,42.966114,53.449814,35.922134,53.482334,47.123287,42.55824,40.62004,53.395817,41.489544,35.445786,43.83129,49.346794,27.114635,35.04458,55.033886,32.209084,49.58183,52.00604,19.329489,31.704397,49.698627,56.37906,33.86013,47.398705,54.82336,40.743458,40.876713,64.343185,42.7801,32.614323,41.813988,58.968998,49.927902,39.49813,40.67484,51.90339,55.229992,33.213978,41.52704,62.439796,48.625813,22.089445,36.40231,31.453497,54.883923,43.735977,33.156452,50.634464,57.672676,38.561977,54.709446,42.738285,41.835617,44.124245,45.711605,47.798122,59.6597,56.046146
CRI,ssp1,tx90pETCCDI,20.249065,16.915052,21.220423,40.523037,32.40349,21.882763,32.95143,27.098381,43.237858,34.35171,29.09091,28.542963,36.06476,55.986088,27.571606,16.014944,27.496887,52.309986,62.191784,26.450811,33.897884,56.805763,66.226654,26.301369,49.61395,68.1073,22.465754,28.742216,54.37111,74.366615,59.32752,68.59278,59.12827,53.62643,49.140724,77.16065,57.135742,42.921017,55.541714,64.75716,27.173101,42.47392,58.90411,40.99626,78.25654,61.07799,19.601494,37.907845,65.006226,69.324394,41.494396,57.758408,66.899124,31.644312,56.46326,80.19925,51.43213,33.333332,55.392277,72.27895,69.96264,57.923496,48.16937,75.94022,64.93151,34.42623,58.15691,83.21295,60.523037,20.591158,36.139477,50.01245,72.4284,58.445107,37.65878,72.67746,79.97509,61.177345,58.60523,51.506847,66.475716,57.277695,57.633873,65.2802,78.35616,67.84558
CUB,ssp1,tx90pETCCDI,22.777086,13.537009,16.83686,26.9863,19.688667,22.391953,24.533,17.459526,22.465754,25.596125,22.440847,28.293898,20.672478,22.218082,24.620176,20.585304,32.092155,24.279682,20.261518,47.67123,26.052305,31.681572,44.520546,23.58655,36.86177,26.664183,30.896637,38.08219,37.384808,25.161451,37.534245,33.32503,42.615192,36.922504,43.21295,30.273973,43.73599,46.882763,50.435863,35.74097,35.342464,36.14009,30.871733,44.097134,46.87422,42.82166,37.58406,46.699875,40.585304,24.888227,39.501865,36.425903,26.787048,28.390461,26.027397,32.976337,35.417187,29.110779,44.333748,24.669989,33.611454,28.502235,38.25654,36.313824,41.830635,31.085443,29.339973,39.489414,28.244085,29.508198,30.273973,43.611458,33.66127,35.705414,38.729763,33.32503,36.662514,39.85345,30.784557,29.726027,26.513075,37.02186,37.085926,43.3873,31.668743,19.339975
CYP,ssp1,tx90pETCCDI,15.616438,9.836065,18.90411,21.09589,26.849316,21.5847,15.342465,29.041096,39.72603,19.67213,25.205479,33.972603,39.452053,28.4153,27.671232,33.972603,33.150684,26.775957,24.383562,8.493151,17.534246,23.770493,27.123287,31.780823,30.958904,36.612022,23.013699,26.849316,32.054794,33.606556,47.945206,31.232876,32.054794,23.224043,33.972603,36.9863,31.232876,39.071037,27.123287,37.260273,32.054794,27.049181,24.931507,29.041096,29.041096,31.967213,33.424656,39.72603,35.342464,22.131147,37.80822,44.38356,27.123287,29.234972,36.71233,32.328766,21.643835,28.4153,26.027397,32.60274,35.342464,33.87978,26.849316,26.027397,36.9863,36.885246,39.72603,42.739727,37.260273,33.333332,36.9863,37.260273,30.958904,22.131147,36.164383,32.876713,24.109589,32.240437,24.931507,25.753426,30.41096,25.136612,23.835617,32.60274,21.09589,42.46575
CZE,ssp1,tx90pETCCDI,16.660143,10.616706,31.559036,23.300716,25.101109,24.824356,11.859099,21.343771,29.34116,13.661202,15.238095,19.452053,27.097195,19.28181,12.080887,28.949772,26.62753,10.317461,19.256361,19.125896,24.657536,21.818892,18.40835,31.128506,31.454666,27.400469,25.114157,25.805609,34.142204,32.59173,41.291584,21.395956,15.759947,26.645851,25.179388,25.622963,27.89302,20.634922,23.235485,21.98304,17.377691,25.917252,15.43379,21.722113,23.091976,22.859745,38.90411,31.585127,27.162426,28.857662,34.58578,26.484018,36.725376,22.456415,19.439009,28.832354,27.345076,37.301586,14.833659,38.460537,34.468365,30.809261,26.823221,34.168297,16.555773,20.20557,25.805609,16.621006,17.27332,20.088472,12.850619,25.335943,16.725376,13.374968,15.251141,23.1833,16.268753,21.909966,16.607958,20.430529,19.556425,12.112932,22.935421,34.911938,10.280496,13.489888
DEU,ssp1,tx90pETCCDI,16.74768,12.744579,32.923847,23.149212,19.749594,25.586111,14.013846,23.225807,26.383858,14.169457,13.171307,21.098837,28.16026,16.311182,11.545146,28.484312,24.619238,12.300959,17.546032,21.063484,28.722935,22.68641,20.612757,26.12756,27.176313,22.610023,26.174694,19.54927,30.408014,31.74981,33.077034,22.053322,15.103844,29.611023,26.109884,24.949183,29.194286,21.755096,24.33348,22.59243,19.57873,21.202774,20.07954,21.14008,21.72043,21.032375,32.517307,25.909561,21.169538,28.970562,32.54677,26.690235,40.36235,25.233564,19.54927,25.479452,27.99234,33.18056,19.54927,31.739578,37.171898,30.683355,30.063337,26.81691,21.478863,18.526352,28.437178,15.068493,23.051996,17.882954,13.536603,25.656208,19.319487,11.951349,15.616438,21.850052,17.425247,20.897232,16.927383,23.28178,16.96568,13.31453,30.254826,28.57858,12.084253,14.491089
DJI,ssp1,tx90pETCCDI,24.931507,22.882513,18.424656,17.739725,22.80822,20.833334,29.931507,16.164383,22.19178,24.726776,27.19178,30.958904,24.58904,38.251366,45.27397,32.397263,27.945206,27.254097,36.506847,45.20548,39.315067,43.715847,34.931507,32.19178,31.09589,39.617485,30.616438,38.69863,41.438354,53.005463,32.53425,36.027397,39.38356,55.259563,41.30137,30.273972,49.589043,43.784153,43.76712,54.452057,39.315067,37.15847,42.39726,41.09589,44.246574,48.087433,39.589043,46.643837,38.561646,38.86612,40.068493,38.972603,54.520546,35.177597,41.643837,49.246574,59.17808,39.00273,41.9863,47.945206,44.38356,58.40164,53.630135,44.520546,48.90411,39.412567,51.9863,49.452057,40.342464,43.920765,39.657536,41.91781,44.520546,55.191257,45.47945,39.315067,48.972603,53.620216,51.643837,35.0,33.0137,39.89071,42.876713,46.438354,38.0137,55.0
DNK,ssp1,tx90pETCCDI,22.407045,30.854801,37.49511,26.94716,24.090021,33.352848,32.074364,29.256361,33.79648,22.75566,20.254404,22.5636,32.563602,26.36612,23.776907,40.176125,38.649708,16.139734,26.262232,39.23679,34.50098,32.41608,27.475538,32.36791,47.84736,39.929745,38.1409,33.405087,39.334637,41.276344,44.305286,21.565557,23.835617,41.80328,32.054794,45.068493,47.475536,28.395784,30.998043,37.02544,26.24266,26.151443,31.682974,28.1409,31.741682,26.4637,37.240704,31.702545,25.22505,45.02342,30.567516,48.3953,51.87867,39.695553,23.69863,28.767122,43.502934,45.31616,31.917807,34.81409,39.21722,48.165497,38.982388,39.726025,24.48141,28.064013,28.943249,24.892368,25.714285,29.234972,15.92955,29.452055,17.162426,13.4660425,17.39726,32.778866,25.107634,26.893051,28.825832,26.594912,24.46184,26.424667,50.156555,40.528378,25.146772,12.21135
DOM,ssp1,tx90pETCCDI,14.828767,17.281422,11.849316,24.554794,31.164383,16.871586,24.075342,18.664383,21.267122,24.487705,13.732877,38.150684,19.760273,27.117487,22.568493,15.239726,23.219177,17.38388,33.253426,34.246574,27.979452,38.797813,33.219177,26.335617,39.452053,50.034153,30.068493,33.835617,35.0,36.37295,39.657536,46.67808,43.732876,50.751366,35.0,41.472603,41.952053,36.304646,44.863014,50.20548,27.739727,28.688524,32.876713,31.643837,36.130135,49.4194,44.589043,38.458904,35.30822,35.348362,36.9863,36.91781,46.84931,32.75273,42.363014,49.21233,34.41781,20.389343,49.79452,41.541096,55.78767,52.219944,32.876713,53.08219,52.739727,27.288252,42.02055,67.054794,42.80822,25.717213,34.828766,38.0137,45.171234,28.927597,26.917809,40.136986,49.760273,31.181694,47.363014,41.36986,23.18493,39.617485,31.643837,49.246574,40.89041,31.609589
DZA,ssp1,tx90pETCCDI,33.346745,20.732548,25.708721,15.841875,26.33841,28.324863,25.644218,24.640291,36.8375,24.422663,25.029217,33.27777,33.18134,34.278473,32.092472,22.235209,25.917553,31.560244,40.225437,26.13788,29.392344,29.795431,38.0228,42.45107,43.89884,34.101418,23.822205,41.411373,34.181435,41.419872,43.92694,41.12016,44.096176,41.330074,43.714275,44.58345,32.121853,42.180317,38.596928,39.851837,34.814957,34.21542,29.859821,31.331865,36.04432,39.09651,32.276398,32.357506,38.577133,33.103416,35.553852,33.131527,32.489063,30.84693,38.951366,45.3364,38.029186,33.07858,35.057,51.757195,44.06744,40.697006,29.861736,34.166107,44.48127,38.93602,43.202095,40.88259,43.580166,30.271187,40.515373,33.59134,51.35358,31.858305,32.49609,37.265385,40.49877,31.678703,29.485584,33.518536,33.000607,43.091698,31.792318,36.35853,43.822845,42.795284
ECU,ssp1,tx90pETCCDI,20.691782,15.594263,16.08904,33.10959,27.157536,23.18306,28.554794,19.21918,33.041096,33.217213,24.80822,23.684933,24.794521,48.29918,25.376713,16.719177,21.178082,47.834698,52.5,21.260273,29.876713,46.78962,54.239727,24.80822,39.561646,67.370224,21.253424,25.10274,46.18493,59.97951,41.342464,58.527397,46.27397,43.811474,44.479454,61.69863,44.445206,33.98224,45.17808,51.294518,25.79452,37.52732,57.780823,31.993153,55.541096,60.94262,21.253424,24.08904,52.041096,63.169395,32.068493,48.554794,58.36986,39.439888,45.03425,72.84247,40.541096,34.76093,43.452053,62.294518,54.07534,40.840164,41.68493,54.05479,56.68493,28.517757,40.493153,64.91781,54.53425,19.275957,29.876713,31.636988,54.239727,50.45082,31.38356,48.42466,60.280823,43.551914,50.849316,44.43836,49.945206,41.407104,44.39041,49.232876,66.68493,60.69863
EGY,ssp1,tx90pETCCDI,14.430673,16.577038,21.471334,15.772994,20.49866,20.649376,14.803218,23.335508,23.351454,16.511984,19.813002,30.216715,29.212147,29.266777,25.667898,19.133144,21.597448,28.886578,27.345076,12.098283,15.990434,22.543152,24.290789,30.005074,24.9547,31.597132,18.260492,23.815321,34.130608,22.647236,28.577227,31.434368,29.738348,17.549946,26.849316,37.656013,29.77459,30.61555,19.356382,27.748062,29.571646,22.718073,20.874104,19.598463,31.374935,28.42253,18.90411,24.442995,25.798363,18.21349,28.49315,33.755165,22.243965,26.017,32.549103,23.855911,21.38001,18.132534,26.892803,35.7527,26.994274,28.607569,21.69747,26.324562,28.191637,21.373638,32.88251,44.600998,29.529608,23.336803,27.879972,21.185764,33.955208,21.865152,20.974125,28.095964,31.272017,16.097088,20.948032,25.830254,30.016672,19.640327,24.974995,24.167574,27.985794,35.226498
ERI,ssp1,tx90pETCCDI,14.39726,26.748632,13.041097,31.082193,22.657536,17.527323,26.41096,15.150685,20.465754,20.737705,16.780823,31.972605,27.424658,28.852459,35.91781,20.863014,22.547945,26.48907,34.17808,27.876713,40.30137,49.153008,20.150684,21.821918,22.0,30.368855,24.69863,22.643835,34.671234,36.967213,26.356165,39.506847,39.972603,27.718578,38.931507,34.123287,39.09589,32.937157,38.82192,42.82192,37.657536,35.628414,31.09589,31.424658,50.68493,35.382515,31.71233,31.506847,37.767124,28.770493,31.821918,40.452053,41.835617,29.248632,36.90411,30.0274,34.479454,24.31694,33.630135,49.69863,30.054794,48.005466,34.232876,43.9863,44.46575,21.24317,41.91781,38.931507,36.260277,23.825138,38.958904,33.561646,32.520546,32.322403,37.56164,26.726028,45.369865,47.185795,53.794518,40.356163,31.671234,27.51366,25.835617,33.767124,24.917809,44.08219
ESH,ssp1,tx90pETCCDI,27.30137,19.193989,23.21918,17.767124,19.28767,29.590164,21.123287,22.21918,25.479452,22.937159,26.328766,31.808218,25.082191,24.098362,24.39726,24.616438,26.356165,34.76776,34.205482,30.493153,27.136988,18.825138,29.821918,32.383564,37.53425,30.587433,20.58904,30.630136,26.178082,31.598362,38.589043,40.57534,39.369865,44.603825,42.260277,29.0274,34.589043,32.95082,33.123287,28.79452,31.68493,24.030056,28.30137,26.643835,38.369865,30.273224,32.547947,36.79452,32.027397,29.125683,25.30137,28.876713,39.493153,36.3388,32.479454,44.89041,36.08219,32.81421,31.821918,27.068493,31.0274,26.24317,43.10959,37.68493,38.643837,33.31967,36.369865,27.657536,43.53425,30.068304,44.369865,40.10959,48.164383,33.087433,35.232876,24.246576,31.438358,38.005463,28.79452,33.10959,22.69863,42.213116,33.0137,26.0274,32.232876,32.53425
ESP,ssp1,tx90pETCCDI,19.178082,19.896837,37.882473,19.825886,30.006403,27.248352,29.432852,25.99155,17.841505,25.568151,24.11727,27.883755,17.80822,9.846279,12.39534,21.917809,31.642555,22.465656,26.664959,30.93842,29.886057,27.192175,25.927538,32.897198,31.19959,22.14647,29.778517,29.407248,29.299707,25.082989,45.71758,26.895403,30.431442,47.02007,34.37716,19.285624,24.772755,34.015118,34.832928,27.251312,19.134554,19.97855,20.901295,23.845858,24.204327,32.306828,31.135578,40.827038,20.235565,40.735916,34.502625,27.591858,34.141594,35.465504,29.42261,34.666496,44.76764,43.519226,23.420816,28.918192,25.47689,29.829937,51.56062,24.84189,31.639996,37.8377,39.418766,16.868519,30.377672,21.278278,28.879786,30.787352,34.256817,30.046984,20.530022,22.235308,25.768787,31.162863,29.166561,27.722443,20.117783,24.398651,26.140059,30.200998,26.600946,19.042377
EST,ssp1,tx90pETCCDI,17.93715,11.845066,24.286865,23.078163,23.013699,27.354548,36.067688,20.918615,25.511684,14.850531,14.697824,15.036262,24.786463,24.541946,20.805801,33.263496,30.878325,6.894889,12.7639,25.962934,21.353746,20.604307,29.782433,24.544724,45.866238,27.740278,34.68171,36.680096,36.889606,31.983288,33.6664,16.083803,18.775183,18.322083,23.04593,28.976633,35.987106,23.609772,17.502014,31.877518,21.273167,24.445515,27.461723,17.485899,23.932312,22.3883,31.184526,25.946817,20.04835,31.388622,33.231266,35.93876,34.649475,27.161684,14.004835,16.95407,21.756647,38.010284,24.35133,26.897663,20.515713,48.264225,16.631748,30.539888,18.452862,18.38637,21.692184,21.402094,17.002419,19.045322,10.556004,21.724415,16.87349,13.837995,12.60274,29.766317,17.775986,23.384764,29.669622,18.21112,29.782433,19.141756,31.53908,32.84448,24.206284,9.605157
ETH,ssp1,tx90pETCCDI,22.965607,26.91402,20.68493,17.508015,27.827164,18.98471,24.715826,16.522879,19.096474,14.959017,22.882542,38.77441,22.387058,33.98878,37.30108,24.823666,21.59283,31.035635,36.827454,31.758963,39.798893,46.500404,27.846107,37.42495,29.148935,37.38083,35.77674,29.035269,36.67298,42.24654,31.824541,34.533665,38.484406,37.97233,37.765957,32.933548,48.739433,45.66475,38.264355,41.677353,40.521713,33.96698,36.22122,39.873215,40.04809,48.142654,37.53279,35.68202,43.538326,33.94373,44.285927,45.619354,50.024773,34.430588,41.53308,35.190907,48.80793,37.774677,49.533665,49.32673,34.66482,50.104637,46.546196,39.911106,44.111046,33.706837,46.136692,44.052753,36.190613,26.791943,37.13203,36.53454,45.1297,42.388966,35.603325,33.512096,42.66686,43.19701,52.387062,42.923344,39.68231,38.345833,24.744972,35.492565,34.192654,41.91635
FIN,ssp1,tx90pETCCDI,21.03056,21.343,26.49315,26.545837,28.238146,24.150904,39.702843,19.041096,25.437304,19.224464,17.211802,15.622761,20.52687,21.471207,25.898842,33.801895,25.551105,12.103826,12.330874,36.606956,28.177029,21.740227,26.75237,26.05901,36.91043,27.736444,48.87039,38.092728,36.478397,32.063892,31.753426,22.172813,19.711275,14.58596,23.511065,28.136988,31.357218,25.9773,15.201264,29.102213,23.275026,25.655737,30.316122,21.066385,21.19705,20.733501,24.539515,25.131718,19.985249,28.467842,28.13277,32.246574,34.330875,27.9277,16.939938,16.4784,26.495258,39.033207,27.551105,28.800842,24.604847,41.891552,20.455215,31.458378,22.094837,24.422026,20.339304,27.995787,17.116966,16.700294,19.243414,24.164383,17.64805,17.240437,16.592203,30.682823,18.815596,31.03615,31.530033,19.785036,29.6059,24.163513,26.621708,28.71233,27.546892,12.35195
FJI,ssp1,tx90pETCCDI,19.086758,21.948997,35.61644,22.009132,35.068493,15.755919,35.707764,19.817352,24.200912,18.579233,18.082191,43.19635,21.369864,39.981785,14.520547,25.296804,24.657534,9.3806925,35.981735,26.484018,31.780823,31.329689,41.461185,18.812784,16.164383,49.271404,36.621006,32.511417,23.47032,53.642986,34.611874,22.100456,37.44292,42.4408,36.71233,24.474884,48.767124,34.60838,18.630136,32.60274,28.94977,25.591986,55.981735,42.37443,25.479452,66.757744,34.337902,27.488585,39.269405,39.890713,25.114157,27.39726,53.881275,38.524593,31.415527,36.255707,43.19635,30.783243,26.666666,38.356167,30.958906,39.981785,39.452053,40.45662,34.79452,50.637524,39.817352,39.269405,60.913242,27.959929,38.356167,21.004566,20.0,59.38069,41.643833,30.136988,38.173515,35.336975,33.607307,35.068493,34.15525,37.887066,32.694065,40.82192,26.30137,60.0
FLK,ssp1,tx90pETCCDI,19.520548,16.25683,18.49315,13.219178,16.849316,12.773224,13.424658,16.232876,10.0,18.101093,12.260274,18.630136,14.315068,7.855191,18.356165,14.589041,7.60274,10.314208,17.19178,20.0,25.684933,19.67213,18.49315,14.931507,13.356165,16.59836,14.79452,18.90411,13.767123,11.338798,22.328768,15.8219185,24.863014,32.9235,22.054794,15.890411,14.452055,13.319673,22.465754,25.479452,19.109589,16.734972,21.50685,19.657534,17.876713,19.603825,19.246574,21.71233,28.49315,13.797814,15.821918,23.082191,28.90411,22.131147,23.561644,15.136986,19.383562,15.5737705,19.863014,15.068493,24.726028,27.322405,17.945206,20.68493,13.835617,34.562843,25.547945,10.958904,38.972603,21.789618,21.232876,19.38356,21.986301,22.131147,28.698631,30.136986,24.178082,28.756832,28.287672,14.109589,27.054794,17.691257,17.945206,23.561644,17.19178,26.09589
GAB,ssp1,tx90pETCCDI,18.605783,15.0941105,15.196347,19.038052,20.870625,22.677595,19.439878,15.951294,22.776257,37.328476,23.36682,24.237444,21.442923,43.57013,28.407915,17.844748,21.351597,33.49727,41.047184,30.130898,37.832573,39.92107,46.19787,25.814306,33.582954,57.650272,24.194824,26.605783,35.159817,50.89253,41.345512,46.34399,35.123287,49.411053,39.159817,58.57534,52.08524,35.46448,38.270927,48.547943,26.550991,32.088646,43.40944,26.429224,51.671234,51.864,31.628616,31.14764,39.61644,50.376442,31.95738,45.442924,50.22222,28.469946,37.63775,56.700153,44.730595,36.035217,45.601215,56.03653,54.392693,35.12447,35.82953,46.04566,51.403347,28.93139,44.651447,60.243534,49.564686,17.27383,30.210045,35.269405,48.200912,45.094112,31.71385,43.67123,68.188736,45.05768,43.08067,42.19787,46.958904,34.377655,32.809742,36.81583,55.04414,54.203957
GBR,ssp1,tx90pETCCDI,23.240705,32.763466,33.467712,27.193737,20.156555,32.240437,25.135029,28.7319,26.176125,26.740828,21.25636,23.741684,32.947163,24.551132,23.27593,32.696674,30.927591,24.094458,29.131115,29.835617,32.078278,34.83997,28.489237,23.119375,26.845402,35.53864,34.26223,24.497065,26.07045,43.282593,26.51272,23.330723,26.806263,45.386417,29.518589,35.40509,40.10176,24.566744,31.193739,30.63405,24.622309,21.057768,28.962818,19.90998,29.228962,25.90164,27.92955,22.058708,28.144814,37.97424,22.363993,31.068491,42.035225,37.568306,27.772995,28.821917,39.334637,35.14442,34.880627,24.75538,36.16047,40.33958,46.117416,33.14677,36.207436,38.61436,29.616438,24.567514,30.915852,22.81811,14.536203,31.142857,19.033268,21.68228,15.522505,21.69863,27.279842,21.588602,28.258316,30.207436,16.65362,21.128025,43.279846,23.401175,30.716242,20.125244
GEO,ssp1,tx90pETCCDI,18.747555,11.104606,23.737768,17.377691,20.41096,19.964872,16.7319,32.876713,30.0,16.939892,34.129158,45.44031,30.430529,29.156908,40.900196,32.36791,34.383564,26.112411,17.338552,13.287672,25.51859,24.785324,30.450098,40.234833,32.328766,33.216236,15.596869,38.12133,38.356167,35.323967,32.093933,29.23679,25.92955,21.506636,30.958904,28.884539,31.1546,38.290398,28.92368,28.356165,29.041096,26.932085,26.34051,31.037184,33.874756,23.555817,31.565557,26.7319,25.499022,13.81733,35.98826,47.74951,25.107632,27.322405,29.706457,24.031311,25.048923,29.879,30.293543,24.696672,22.074366,24.336456,28.8454,23.933462,28.962818,28.12256,27.925634,35.14677,35.577297,40.905544,47.690804,31.291584,27.925634,26.07338,25.5773,12.407044,24.540117,21.272444,28.043055,19.745596,28.160471,31.069477,27.612524,27.808218,20.450098,31.996084
GHA,ssp1,tx90pETCCDI,19.08453,11.87525,12.970264,24.109589,27.163382,10.64241,29.52222,11.680588,24.657536,40.130615,18.329435,28.513199,17.834948,42.52299,31.95456,14.413632,17.98864,24.863388,46.822586,30.257267,25.011696,42.063175,45.813564,18.85065,25.566322,43.862453,24.938189,31.54026,32.66288,43.189392,32.429,38.81724,38.950886,38.597893,41.403275,45.61978,45.67992,28.821804,41.764114,41.53024,38.209152,36.57204,42.54594,30.97227,41.764114,50.04665,23.394588,25.439358,40.060143,43.289352,39.886402,39.99332,42.392246,34.852726,46.789177,49.82292,34.487137,26.302813,31.339792,46.86268,42.018044,38.14474,32.863346,45.646507,47.49081,24.703453,50.751755,56.445038,48.533245,26.589365,35.26896,39.271633,38.02205,41.296814,41.73739,35.910458,56.23789,42.009865,56.48513,38.048782,36.99298,34.13301,32.74975,30.49783,53.36452,53.52489
GIN,ssp1,tx90pETCCDI,18.858448,13.648191,8.845401,24.833658,30.57404,13.62217,30.848011,14.285714,26.823221,34.465263,23.07893,30.273972,21.363338,53.493362,33.0137,17.964775,19.406393,24.629196,46.594913,29.58904,20.861057,40.723396,53.033268,17.906067,21.40248,52.829823,26.42531,27.95173,36.529682,46.50013,33.431183,47.775604,51.95695,35.994015,37.690804,49.138947,48.714935,27.654179,38.53229,47.775604,25.531637,31.94119,53.855183,33.176777,43.69211,56.23211,24.468363,32.0287,45.212,49.310436,39.928246,42.015656,54.05088,39.071037,55.942596,53.00717,32.38095,28.512882,37.61905,48.134377,48.317024,40.860004,31.415524,57.762554,49.73907,24.160812,44.93803,61.20026,48.199608,24.225864,33.939987,37.919113,43.659492,45.3617,42.928898,39.869537,61.66993,46.825397,54.977165,49.11285,50.10437,31.934687,40.65884,39.25636,58.564907,55.133724
GMB,ssp1,tx90pETCCDI,14.520548,9.836065,9.863014,21.369862,15.89041,16.393444,19.726028,11.09589,29.58904,27.322403,20.684933,27.671234,16.575344,38.251366,25.205479,11.780822,14.657535,29.918034,50.27397,23.424658,25.068493,26.639343,38.356163,12.739726,27.397259,42.0765,18.219177,24.520548,25.753426,41.93989,32.328766,49.041096,39.589043,34.699455,38.904106,46.438354,39.31507,26.775955,36.30137,37.260277,18.630136,26.092896,38.76712,22.739727,45.068493,45.628414,22.876713,31.78082,32.739727,41.666664,22.465754,36.30137,42.602737,29.371586,48.49315,51.91781,23.835617,16.25683,30.821918,35.34247,37.945206,34.153004,23.835617,43.561646,45.89041,18.98907,41.232876,56.30137,41.09589,14.617487,32.739727,36.712326,56.849316,43.98907,31.232876,38.76712,53.0137,43.442623,40.684933,29.726028,39.315067,27.185793,32.19178,35.753426,52.328766,45.479454
GNB,ssp1,tx90pETCCDI,12.19178,11.338798,4.9315066,16.575342,11.141553,12.659381,14.79452,10.045662,22.283104,23.497269,14.200913,24.474886,15.525115,34.881603,26.438356,12.511416,14.1552515,22.996359,38.44749,21.50685,14.155251,22.814209,31.689499,10.593607,19.223745,41.712204,14.109589,18.310503,25.068495,35.74681,30.0,36.07306,33.150684,27.504553,30.22831,37.21461,33.24201,19.717669,25.022833,38.3105,16.118721,20.810564,39.543377,19.132421,37.579906,41.30237,18.812784,34.018265,28.127853,43.214935,27.945206,33.28767,40.502285,30.783241,43.196346,45.068493,28.584475,18.852459,26.52968,30.958902,28.03653,30.327868,24.018265,45.662098,36.71233,18.488161,33.05936,54.155254,40.319637,18.260473,29.863014,29.360731,36.666668,32.42259,29.726028,33.150684,53.196346,40.027325,37.123287,29.08676,34.611874,25.136612,33.24201,34.29224,46.164383,40.091324
GNQ,ssp1,tx90pETCCDI,15.251142,14.571948,13.881279,15.890411,14.155251,22.131147,18.72146,20.547945,20.091324,30.236794,29.58904,29.132421,24.56621,36.3388,30.68493,14.611873,24.292236,30.14572,33.972603,35.25114,34.24658,38.615665,36.529682,27.853882,28.767122,54.826954,20.365297,28.310501,36.164383,48.907104,41.004566,50.684933,33.607304,45.355194,33.88128,53.881275,52.60274,32.969036,38.90411,46.118725,22.922373,36.612022,42.10046,27.579908,45.570774,53.005463,34.97717,37.260273,36.43836,46.630238,30.319635,47.031963,47.30594,33.424408,37.62557,56.07306,40.913242,38.88889,49.680363,55.25114,47.21461,36.429874,41.91781,47.488586,39.817352,36.156647,40.913242,53.972607,38.63014,16.120218,32.42009,42.83105,49.863018,46.08379,32.328766,46.027393,57.16895,43.442623,44.65753,44.74886,46.849316,37.795994,35.89041,37.80822,46.666668,46.392696
GRC,ssp1,tx90pETCCDI,12.857142,7.6600313,26.174168,15.176126,25.039139,26.971117,16.418787,27.671232,37.651665,19.389149,27.681017,29.735811,33.08219,20.745512,25.234833,26.360079,35.89041,19.359875,16.65362,9.784736,16.624266,14.627244,30.508806,37.426613,41.21331,37.002342,20.55773,30.401175,25.92955,31.567135,49.129158,27.27006,32.201565,30.425447,33.747555,44.647747,28.992172,47.345825,25.949118,34.98043,21.89824,24.40476,22.201567,36.67319,19.4227,30.698673,37.97456,44.85323,35.43053,29.957064,44.745598,40.85127,27.17221,28.356752,30.772995,39.56947,24.060665,36.3388,21.614483,38.47358,30.675146,25.312256,24.23679,26.497065,31.389433,32.1331,33.043053,30.988256,32.035225,31.752537,30.753424,32.19178,32.945206,18.237705,33.786694,33.219177,24.099804,28.337236,22.201567,19.315067,32.93542,24.658468,23.816046,42.04501,16.966732,30.87084
GRL,ssp1,tx90pETCCDI,18.938084,23.74731,22.834494,21.916616,24.552435,21.522882,17.601599,29.931358,26.119581,22.523647,29.254274,27.899313,29.201626,32.68782,32.03294,25.110115,26.850904,27.93384,29.717186,27.202955,28.43176,31.433447,32.796646,28.930435,31.280758,30.50936,21.989729,26.704481,36.676567,21.754894,33.595715,41.36609,39.187023,34.121502,31.369963,31.339962,36.279816,32.978283,36.483852,29.764072,30.181885,29.122433,34.38426,24.588594,29.979834,26.3894,24.525415,28.868845,32.673466,30.793478,20.364368,32.38539,28.791363,38.39105,38.99888,42.706745,39.19755,27.193817,32.320423,36.59392,36.49061,33.910294,33.018963,35.79584,34.098763,32.059544,34.312737,35.237366,33.72386,28.527046,35.24949,26.862627,29.254473,29.47947,28.648117,30.646587,32.831017,23.17233,31.155394,31.4391,23.559061,30.042757,26.483553,27.251432,31.399366,41.54728
GTM,ssp1,tx90pETCCDI,11.626713,14.088115,13.202055,25.856165,11.917809,16.495901,25.239727,9.914384,28.099316,18.237705,10.684932,19.486301,21.40411,28.75683,30.393835,13.732877,27.39726,28.790983,33.989727,23.85274,24.092466,35.79235,26.489727,16.078768,19.606165,49.368168,20.25685,20.68493,40.15411,45.987022,37.65411,30.205479,37.945206,38.165985,21.455479,47.414383,42.29452,37.26093,31.455479,37.003426,24.246576,27.015026,33.85274,25.94178,40.97603,42.72541,21.695206,41.88356,38.49315,36.76571,37.431507,37.80822,39.94863,20.90164,22.19178,43.253426,17.979452,15.5737705,38.938354,30.376713,47.979454,27.49317,31.695206,41.061646,28.85274,30.737705,38.613014,43.304794,32.61986,17.77664,25.83904,32.842464,42.19178,34.32377,32.96233,39.280823,45.702053,36.66325,38.69863,26.93493,37.876713,35.416668,25.83904,30.924658,39.22945,37.53425
GUY,ssp1,tx90pETCCDI,24.627092,36.892838,26.917809,49.78691,44.216133,42.78992,40.59361,31.278538,48.20396,40.71038,32.793,27.853882,38.264843,65.550995,44.14003,20.380516,31.978691,55.47966,56.674274,12.960426,21.651445,60.913784,70.87519,45.304413,40.761032,73.46691,20.68493,16.141552,58.272446,78.78719,54.604263,69.162865,69.74886,58.636917,55.106544,70.03044,65.13699,27.23133,43.24201,69.520546,39.40639,51.373707,73.561646,46.97108,66.324196,65.79387,20.289192,17.701674,55.129375,69.35336,45.59361,50.639267,68.2344,55.44171,59.543377,74.1172,45.525112,43.867638,51.651443,82.33638,70.66971,57.45294,54.269405,60.844746,68.84323,38.767456,51.818874,78.36378,55.296803,19.1864,36.674274,30.905632,62.640793,62.40892,20.791477,59.086758,61.171997,42.2966,49.041096,61.636223,62.53425,55.244385,48.744293,57.792995,74.39878,77.03196
HND,ssp1,tx90pETCCDI,10.670512,16.062698,10.281182,27.916367,13.208364,19.988497,29.228552,18.81759,27.224224,15.501869,11.679885,25.998558,20.0,24.446362,31.50685,15.414563,30.930063,32.35548,28.521988,24.571016,21.067053,31.420763,28.017302,22.26388,21.312185,42.709232,21.009375,28.377794,47.06561,42.46477,43.604904,43.157894,42.451332,37.992523,23.7491,45.53713,50.31002,38.165085,33.900505,39.20692,22.739727,29.594479,29.574621,32.732513,43.12906,40.02013,28.334534,49.73324,38.240807,36.583263,31.232878,38.312904,35.486664,25.381075,24.686375,37.245857,20.230715,9.850446,36.049026,30.757029,44.902668,29.076788,36.539295,46.33021,26.820477,33.08887,46.777214,48.392212,31.795242,14.696578,27.627975,30.555157,42.826244,30.097784,33.482334,43.201153,44.05191,29.882084,38.413845,29.516943,39.97116,39.86195,22.58111,40.937275,35.400143,36.56813
HRV,ssp1,tx90pETCCDI,14.288725,7.5662045,32.349842,16.712328,27.818756,27.616646,13.972604,29.315067,33.192837,14.67003,20.695469,24.488935,26.533194,22.257252,12.012645,22.255005,28.219177,14.564943,18.693361,12.497366,18.314014,16.393442,22.44468,40.337196,35.152794,32.345524,25.690199,29.420443,34.162277,31.315678,45.774498,16.375132,20.379347,29.781422,35.426765,34.731297,24.952583,35.245903,21.854584,26.153847,16.311907,32.72383,19.38883,27.839832,21.70706,30.580076,42.36038,37.618546,32.328766,29.087852,42.697575,22.866177,39.452053,25.598991,25.964172,35.21602,26.512117,38.839848,15.700738,40.1686,35.068493,21.647753,19.03056,28.261326,23.814543,30.285835,28.261326,15.44784,21.70706,20.701975,17.744995,31.759747,24.741833,16.813787,31.211802,30.179136,18.018967,28.268179,17.513172,22.760801,23.98314,23.09794,15.068493,41.79136,10.663857,22.655426
HTI,ssp1,tx90pETCCDI,16.894978,10.746812,14.429223,22.19178,25.84475,19.307833,31.780823,12.968037,21.552511,25.50091,24.840181,38.173515,17.077627,18.852459,12.237442,15.433789,23.378996,16.666666,31.050226,49.863018,32.694065,34.335155,30.502283,25.388128,47.123287,38.88889,29.497717,36.164383,36.894978,32.604736,39.452057,32.694065,37.351597,52.73224,37.260273,37.077625,35.43379,45.719486,57.16895,52.60274,37.990868,36.247723,29.58904,46.392696,39.269405,53.09654,40.82192,40.547947,38.721462,34.881603,39.908676,47.671234,43.287674,23.406195,35.43379,46.392696,41.55251,20.765028,45.936077,32.602737,45.20548,38.16029,30.593607,50.13699,50.776257,31.51184,45.844746,54.155247,38.356167,32.058285,28.401825,45.20548,36.894978,30.965393,36.9863,37.716896,48.3105,41.712204,44.200912,41.36986,26.027397,28.961748,29.497717,51.872147,34.337902,27.762558
HUN,ssp1,tx90pETCCDI,11.864204,6.8899975,32.066708,17.95116,27.170935,23.865526,12.721859,25.07445,28.243002,13.839392,18.415724,20.702799,23.585468,23.639818,13.686719,25.384157,27.706968,9.812307,14.02025,11.042288,18.177488,16.690426,20.202501,35.771294,32.85289,28.700405,20.321619,31.304348,31.209053,32.929436,41.238834,16.164383,16.605122,24.435732,30.172722,33.079212,20.667065,30.99311,23.168552,27.254318,15.997617,29.995247,17.784395,25.205479,20.774271,26.431458,42.096485,37.712925,29.76772,26.562128,38.05837,26.920788,33.24598,21.370872,21.048243,31.911852,21.882072,39.24923,16.700417,36.736153,36.188206,22.9627,18.356165,29.89875,17.367481,23.342836,21.941631,16.640858,16.53365,21.679733,14.079809,24.895771,17.80822,15.371822,19.368671,24.38356,17.986897,22.606321,16.438356,19.880882,20.857653,16.060822,10.601548,40.64324,8.135796,17.558071
IDN,ssp1,tx90pETCCDI,20.030338,19.430996,16.580858,26.687506,27.051577,23.408333,29.982533,17.799025,30.830193,31.867275,25.769974,25.193527,26.147835,47.088055,32.82339,20.966259,24.447918,44.30172,42.6009,29.398733,31.71279,48.689808,47.474487,33.10104,41.948147,56.713245,36.423645,31.691643,44.87175,56.479446,41.91597,56.7252,47.79535,42.278214,43.802517,66.31792,54.221752,40.25562,47.99393,53.411785,33.632435,36.43415,48.31847,39.755447,62.725018,56.22272,35.194447,35.43532,44.937023,56.22731,44.52147,51.234715,55.949253,36.49283,47.946125,63.76115,43.50556,41.861958,44.468143,64.40011,66.84196,42.10951,42.521835,53.20033,53.299625,48.600876,47.258434,72.01802,55.626553,33.933876,32.340717,35.358093,52.787533,46.606705,40.091938,52.39956,64.32472,49.986248,34.538933,41.552814,59.437344,43.016285,42.09525,43.240784,62.812355,55.759857
IND,ssp1,tx90pETCCDI,12.90998,10.000488,9.044032,15.672212,9.23092,8.810012,13.459883,8.447163,8.995108,14.018346,6.964775,11.21184,16.76908,22.194086,12.879158,11.889432,10.817025,10.788447,18.092466,12.784246,11.529843,15.284447,25.41683,11.171233,13.6697645,21.21536,13.402153,17.829744,20.212818,23.702673,14.546967,22.200098,25.485811,24.575527,19.304306,34.46135,29.822897,22.489267,20.714775,21.391388,24.397749,20.619146,23.106165,21.123777,18.517122,34.248146,16.141388,22.958904,27.374756,18.860266,24.53767,31.476517,24.149218,22.57465,25.850782,18.228962,24.29599,16.817917,31.859589,38.024952,35.872307,30.001953,25.501469,35.35763,23.554794,21.234875,25.761253,24.821918,26.80088,13.084992,19.413404,20.100292,30.661448,21.817429,29.343443,21.546967,26.271038,26.288055,23.568003,28.74315,25.895304,15.620609,22.544031,25.304306,22.240705,31.107143
IRL,ssp1,tx90pETCCDI,27.96233,35.87773,27.808218,26.71233,21.04452,36.509563,23.219177,28.75,27.671232,32.66735,20.30822,26.386986,36.815067,29.354507,31.35274,38.71575,30.99315,25.836748,28.801369,28.253424,30.873287,32.90642,29.212328,20.41096,28.304794,36.526638,34.554794,25.667809,20.462328,49.7097,24.674658,21.832191,28.116438,50.59768,30.359589,38.2363,37.568493,23.155737,30.702055,31.81507,29.075342,21.772541,32.996574,19.794521,33.373287,27.20287,25.273972,20.702055,26.626713,37.68784,21.027397,27.431507,37.91096,38.78074,30.25685,28.59589,31.678082,36.612022,35.085617,24.041096,37.03767,39.754097,48.59589,37.910957,40.958904,38.96858,27.311644,27.962328,33.47603,23.753414,18.219177,27.34589,18.356165,22.831284,15.325342,19.297945,33.835617,20.90164,31.044521,32.03767,19.452055,20.61134,41.60959,19.948631,38.95548,25.171232
IRN,ssp1,tx90pETCCDI,28.33472,21.82999,25.516214,16.498753,17.163115,22.199236,24.969145,24.176989,23.229025,13.728417,21.625454,31.807957,34.07939,31.827545,29.44549,32.832073,25.288633,24.280277,29.266926,32.600113,29.688826,28.610836,30.842487,33.902576,39.879208,32.621902,33.57696,39.00127,29.386843,36.77875,26.753029,35.340714,36.08998,36.017563,35.370476,27.1583,31.849098,40.74879,37.792465,35.73023,50.50287,26.12825,30.046827,31.497221,38.43932,39.099842,33.63561,41.71824,34.377872,28.407446,31.63377,36.914524,29.776358,43.539516,38.1776,31.285397,52.5581,40.062675,32.832073,35.47201,24.121843,43.52904,39.829315,28.201672,32.652634,36.499416,41.71999,26.068537,45.343777,52.272213,42.239048,34.681606,32.606243,29.510815,28.848526,27.308853,31.48234,31.253164,37.41433,32.593987,19.281368,29.173868,31.884985,31.832464,27.140793,36.804234
IRQ,ssp1,tx90pETCCDI,19.47186,19.744553,20.366398,20.973759,20.452219,21.150175,15.078396,33.952797,25.750124,15.623148,32.695164,48.978382,37.349396,32.503784,37.99307,39.148373,32.813995,26.502733,29.387686,22.776037,29.275457,25.65014,31.480442,43.294273,32.955933,41.32596,29.856413,35.870605,34.77802,31.993546,31.384718,35.124607,33.223305,26.00237,37.3692,30.077572,39.973595,43.40641,29.965342,33.120975,43.7663,33.61314,33.619408,31.846838,46.26506,35.166897,37.62337,30.44727,35.302856,26.041872,44.782967,41.006763,30.60901,37.589703,37.950157,26.48622,38.8711,43.037724,35.17412,35.553722,28.364416,45.664623,36.996204,27.403862,32.28586,31.450392,37.177753,46.15943,46.255157,41.80986,50.965508,37.118336,34.626175,33.985123,29.367882,21.185015,38.098698,36.345383,33.286022,31.39792,20.52154,27.444204,28.311604,23.937944,18.422182,34.725204
ISL,ssp1,tx90pETCCDI,25.693285,44.695454,26.321417,26.668894,33.745407,32.48034,27.003008,37.3271,42.559307,27.535654,39.458736,31.533579,34.774475,49.88671,51.493484,29.174742,32.489143,44.595493,46.100903,42.906784,46.3281,47.314407,37.36719,23.080523,44.577347,45.628414,40.033413,30.912127,36.51186,24.410234,31.840963,42.612762,50.658203,46.687992,46.09422,47.764786,41.937855,40.163933,46.922817,43.10725,41.249584,34.899372,42.973606,26.855999,36.217842,38.531254,27.691278,29.007685,33.618443,29.868053,27.223522,45.73338,33.752087,45.441822,41.09589,44.563984,53.718678,41.08357,38.376213,32.642834,39.264954,45.63508,40.44103,47.06983,37.66121,44.35559,43.19412,48.506516,40.868694,29.075037,28.64016,31.640493,23.675241,35.5058,33.05045,37.287003,43.708652,31.540718,32.642834,39.592384,31.252924,37.818203,40.307384,37.654526,37.828266,41.309723
ISR,ssp1,tx90pETCCDI,14.246575,11.338798,17.60274,14.452055,19.383562,13.456284,11.643835,23.90411,24.863014,15.232241,17.191782,31.917809,24.657534,24.726776,22.80822,22.671232,23.49315,27.527323,22.876713,8.561644,12.876713,16.59836,22.80822,29.178082,20.753426,24.385246,16.50685,16.712328,29.58904,20.90164,30.958904,25.684933,26.849316,15.642076,23.90411,31.232876,25.684933,25.546448,17.465754,24.109589,27.123287,20.35519,18.561644,19.315067,25.41096,24.931694,20.890411,21.986301,24.726028,15.163934,29.58904,29.79452,20.890411,20.35519,30.821918,20.479452,16.575342,20.628414,17.945206,27.534246,22.260273,25.819672,16.849316,21.438356,26.09589,20.833334,32.397263,38.561646,27.80822,26.161201,30.205479,23.49315,26.575342,20.423496,22.328768,22.19178,25.890411,19.467213,19.315067,19.79452,25.136986,22.336065,15.20548,21.780823,18.90411,32.671234
ITA,ssp1,tx90pETCCDI,20.18908,14.784884,35.851826,17.788925,29.060389,33.160164,18.788345,35.033764,39.695156,23.174017,21.713293,32.53714,25.32896,18.864004,12.772526,25.58364,34.744358,21.30378,24.306387,19.660427,22.454178,18.964058,31.553154,42.78603,40.929962,32.979298,35.562416,34.188694,34.95273,38.57462,53.714066,21.026432,32.189854,44.158394,43.341694,40.97627,34.99904,40.30247,31.487556,37.30272,20.308702,30.3702,25.004824,31.803976,23.57708,37.26237,44.78873,44.973953,33.1121,42.114983,47.837162,32.6722,45.915493,31.836374,29.882307,41.107468,40.84893,46.544292,17.842949,41.431602,38.680298,26.67975,29.693228,32.749374,33.872272,37.955055,40.88366,22.238085,29.878448,26.060186,22.88636,39.891956,35.492958,24.809511,36.666023,36.24928,22.064442,33.133224,22.315262,27.192745,25.186184,32.455936,25.024117,39.18966,14.848543,23.57322
JAM,ssp1,tx90pETCCDI,20.41096,32.51366,31.917809,57.260273,42.602737,31.967213,37.123287,42.739727,48.49315,44.808743,48.219177,53.28767,42.328766,63.251366,54.93151,30.958904,31.780823,53.005463,69.58904,36.57534,46.9863,73.907104,73.42466,52.465755,63.42466,79.508194,60.41096,54.657536,63.972603,69.2623,75.0685,75.20548,70.0,75.54645,59.863014,79.45206,77.53425,64.07104,60.9589,70.0,49.31507,59.836067,63.287674,55.753426,74.79452,70.62842,59.17808,51.232876,64.794525,64.34426,61.369865,61.91781,60.0,64.89071,68.49315,81.09589,70.0,55.46448,71.91781,72.19178,75.34247,76.63934,64.38356,77.945206,72.87672,62.15847,73.42465,81.78082,70.27397,37.97814,54.65753,65.89041,79.04109,71.72131,60.547943,65.479454,80.68494,66.120224,67.39726,59.31507,64.38356,66.80328,65.34247,75.0685,75.20548,60.547943
JOR,ssp1,tx90pETCCDI,11.369863,16.423801,19.528158,18.91933,21.567732,16.59077,13.378995,27.488585,24.687977,17.167578,23.8965,35.449013,27.260275,27.094719,29.832573,25.692543,25.616438,29.037645,25.951294,16.468798,21.445967,22.981178,28.432268,32.40487,27.18417,31.193077,20.943684,26.270927,31.11111,27.307226,27.884323,31.94825,30.776255,25.925926,29.34551,28.93455,32.66362,32.938675,21.202435,29.025875,33.378994,22.692774,25.190258,24.39878,33.805176,30.752886,27.732115,24.185692,27.39726,21.40255,32.1309,26.849314,22.207,27.838493,35.266365,18.949772,25.403349,26.19915,26.788431,30.943686,23.820396,30.373405,27.838661,25.722984,30.532724,22.207043,28.93455,39.34551,37.793,25.197329,37.793,25.312025,27.777779,26.912569,24.627092,20.167427,32.861492,24.65088,25.235922,26.910198,25.327246,23.557985,23.257229,20.715372,18.614916,36.75799
JPN,ssp1,tx90pETCCDI,19.473602,18.557747,22.388796,20.514084,25.00231,28.41837,19.276588,19.550562,21.529938,22.38902,24.500538,15.711867,20.123133,17.191626,21.936277,25.35632,26.947823,15.343525,24.343544,33.56934,31.888565,25.980844,26.698475,25.294752,33.504692,30.77301,34.66831,35.588734,30.327843,33.58814,37.820534,28.714792,26.393719,35.38712,28.385408,30.27859,30.340157,36.719467,20.991228,23.838694,33.907955,37.416344,18.88564,32.73819,42.114822,31.012465,29.736803,34.132675,29.767586,29.465218,35.98584,30.632599,22.515007,27.979368,27.41573,28.336155,35.059258,29.86431,21.197475,24.697554,29.675236,33.04169,35.354782,25.830383,31.285208,32.280346,29.296598,35.46252,43.404648,38.717995,22.71202,28.684008,32.34416,19.082705,24.40511,19.94459,23.022932,34.195984,27.13868,32.947514,18.685547,30.027014,30.598738,35.083885,21.142065,27.665077
KAZ,ssp1,tx90pETCCDI,19.822245,11.908828,18.887802,23.540443,17.951729,23.928654,14.829174,25.553246,21.502365,15.318843,22.902805,34.338306,21.660143,24.16813,16.08529,25.519,19.349314,19.452982,26.937378,17.477983,17.786203,18.976059,28.150684,25.719994,32.81556,31.81881,18.213877,35.466404,18.189009,26.306353,33.42262,19.669357,29.083496,27.130903,18.577543,18.619537,19.068819,16.174702,22.13348,26.698875,26.440395,23.498081,24.730919,26.667484,36.267532,23.185825,27.664711,25.417484,21.148075,26.867437,27.515902,35.36285,23.098907,23.689175,27.512638,23.244864,24.926205,31.401249,27.545664,17.941536,22.721786,19.06185,23.477657,23.80667,21.433872,18.507269,24.402315,20.273972,30.122715,23.346832,28.30765,18.775278,28.560421,22.462107,23.112362,18.851925,26.272017,14.089335,23.33578,27.68428,20.685339,22.915854,24.880953,22.07844,15.758317,28.085861
KEN,ssp1,tx90pETCCDI,25.823317,29.669903,21.420183,15.015376,27.931227,27.498049,18.361755,18.020687,21.836735,21.643248,28.702824,39.4241,20.145372,39.1965,43.72659,34.556892,23.670673,29.221031,34.453453,25.088062,45.04054,43.09691,25.991055,45.60246,41.37825,39.751312,46.944366,36.125244,47.240704,53.800045,41.5376,31.146214,39.684093,36.026543,36.798992,27.732737,47.646072,47.100483,45.15516,36.880066,40.958904,35.326756,39.639362,52.778862,43.972603,52.42277,39.94129,44.763767,43.877552,29.037025,43.433044,52.840366,60.139782,39.993866,56.2175,22.818003,48.12972,38.797813,55.02935,41.962536,28.982388,37.93632,44.6771,42.840366,35.996643,32.031338,42.06598,47.83338,34.221416,32.29341,36.530613,33.80207,54.900753,44.26787,31.470507,38.79508,38.057034,44.331997,34.819683,39.918926,38.99916,34.565628,23.96142,33.905506,31.266424,40.360638
KGZ,ssp1,tx90pETCCDI,19.974514,18.877876,17.107359,26.167568,20.592545,26.725122,21.376234,33.596684,30.869703,17.873936,16.8971,24.925137,34.424976,38.264076,31.717106,21.65658,22.516726,24.882448,34.380375,26.199427,23.1475,28.24374,30.888819,29.053839,39.827972,40.449867,27.486462,40.242115,23.319529,33.339687,36.482956,38.89774,42.08984,37.031387,21.338005,26.231283,27.429117,32.475536,46.091114,38.28608,41.777637,35.519127,28.429436,34.233833,43.701817,35.93849,25.60051,40.860146,30.302643,29.959333,34.858234,41.84135,30.493788,35.91308,39.745144,37.11373,43.62536,37.590546,37.81459,26.282255,24.644793,31.204725,35.520866,37.33673,27.91972,29.62257,32.653713,28.856323,44.931507,39.306137,40.324944,29.773811,40.82192,22.220104,31.213762,28.875437,30.219814,24.583809,26.893915,36.827015,20.223001,30.277037,26.014654,27.257088,22.949984,44.24976
KHM,ssp1,tx90pETCCDI,12.8389225,7.3770494,9.258385,21.965046,29.003307,18.409647,42.05952,8.483704,20.869156,29.847372,26.7265,14.747284,8.625414,31.599773,12.801134,9.154464,8.738781,20.03957,46.08408,14.416627,14.558337,31.910685,44.76145,15.427491,20.91639,57.640854,22.210676,16.92017,27.850733,44.262295,24.600851,48.96552,28.833254,27.454306,26.830421,51.771374,48.05857,12.681364,22.82475,45.035427,19.47095,19.436592,50.51488,24.005669,43.54275,53.580173,17.335852,18.27114,32.602737,55.907295,26.358053,22.928673,42.80586,23.58206,36.277752,58.05385,30.203117,17.335594,30.47709,55.077938,50.16533,27.275297,24.468588,43.051487,52.187057,25.32504,37.87435,49.966934,55.975437,16.921047,19.111952,18.393955,38.08219,51.545128,20.122816,43.04204,58.856876,27.906538,45.904583,26.641474,48.086914,29.169022,34.822865,39.196976,55.247993,55.871513
KOR,ssp1,tx90pETCCDI,16.490541,16.393442,28.075668,11.846053,24.527071,36.9503,19.386824,20.247879,20.026093,23.36716,19.034573,13.659491,24.579256,14.077543,25.022831,26.170908,33.12459,20.04944,30.51533,38.238747,38.68232,25.70908,29.889105,28.623613,35.212,30.744211,35.36856,32.550556,27.00587,31.628935,36.17743,27.305937,30.841488,38.446526,38.94325,36.151337,30.919765,40.346085,22.022179,25.714285,33.320286,36.716106,17.221134,33.646442,49.863014,24.88941,24.827137,36.725376,32.10698,34.374187,37.19504,36.947163,29.34116,35.271923,28.727983,25.962168,37.586433,42.297684,22.713633,28.153946,31.493803,42.766068,38.669277,29.83692,26.249184,34.009888,30.945858,31.102413,39.543377,41.517044,28.988913,37.32551,33.69863,18.162893,30.254404,19.00848,32.10698,39.617485,30.880627,36.07306,23.235485,30.835283,34.350945,39.452057,28.688847,23.326809
KWT,ssp1,tx90pETCCDI,22.19178,22.95082,21.27854,17.442923,17.990868,25.68306,18.356165,25.479452,21.826483,15.75592,33.972603,51.780823,39.269405,28.051,36.803654,41.826485,29.497717,28.051003,34.155254,30.319635,28.03653,34.517303,32.14612,42.374428,36.164383,45.53734,36.34703,34.97717,38.356167,38.615665,29.497717,39.634705,36.438354,29.417122,43.65297,32.32877,42.191784,42.62295,36.164383,43.47032,52.237442,32.969036,39.360733,40.182648,50.045666,41.256832,34.97717,29.77169,38.264843,33.788708,45.662098,43.0137,32.511414,44.990894,43.47032,29.954338,44.292236,42.987247,42.922375,41.187214,33.78995,52.18579,42.374428,27.39726,35.525116,36.97632,38.90411,43.744293,50.59361,47.176685,56.803654,33.51598,37.808216,37.249546,34.611874,28.858446,39.908676,39.253185,38.356167,35.25114,22.648401,32.42259,32.237442,27.57991,22.648401,37.62557
LAO,ssp1,tx90pETCCDI,13.438708,10.039232,10.748156,22.6765,20.386372,13.745271,25.240604,14.120127,25.430277,34.461258,15.939586,19.234282,12.820513,30.811264,12.04777,16.248682,10.073762,15.52473,42.43063,13.403584,10.734106,28.043995,36.838776,21.798384,28.14893,43.869972,21.454163,24.854233,30.24236,31.357714,25.697226,33.761852,22.8451,19.23077,32.609768,44.02529,35.74289,17.423286,16.382156,35.48999,18.83386,17.78058,44.102566,22.100456,36.642082,39.59647,12.434141,12.223393,27.228662,49.838867,27.390234,25.598875,33.621357,18.19392,30.663857,48.872498,22.7327,20.687965,28.640675,54.97717,37.548298,29.522207,23.364944,40.72357,43.17527,20.0014,30.277485,38.061115,36.74043,19.069637,19.452055,11.787847,31.050228,30.559057,14.387074,30.073761,39.894627,24.218859,27.488585,20.491747,36.606956,28.177105,23.280645,31.541973,51.064278,42.058308
LBN,ssp1,tx90pETCCDI,10.136987,10.655738,15.342465,17.534246,21.917809,15.5737705,11.506849,23.287672,26.027397,18.579235,22.465754,34.79452,26.027397,26.775957,25.479452,27.123287,28.767124,28.142076,23.561644,11.780822,17.80822,17.48634,23.287672,32.328766,25.753426,28.4153,20.821918,23.835617,28.49315,28.4153,36.9863,27.123287,29.31507,21.5847,27.945206,29.863014,32.054794,34.699455,21.09589,30.136986,28.49315,19.125683,22.465754,24.109589,24.109589,26.229507,29.58904,25.753426,28.767124,16.393442,33.150684,30.68493,19.178082,23.497269,30.958904,18.082191,18.90411,24.590164,22.19178,30.68493,21.643835,34.153004,26.027397,23.561644,29.041096,22.131147,28.49315,38.356163,32.876713,28.142076,34.79452,29.041096,27.671232,23.770493,27.39726,21.643835,27.39726,22.677595,20.547945,20.821918,23.561644,25.136612,20.273973,22.739725,16.986301,34.52055
LBR,ssp1,tx90pETCCDI,25.917809,23.387978,12.054794,19.689497,29.826485,17.486338,30.72146,23.598173,25.479452,35.610203,25.899544,35.105022,32.529682,35.628418,41.899544,22.538813,29.442923,28.051,51.086758,38.429222,31.3242,40.25501,49.46119,27.908674,31.415525,62.040073,35.61644,27.890411,43.908676,55.482693,45.899544,52.694065,44.602737,48.4153,48.767124,52.840183,54.958904,41.82149,42.11872,53.716896,26.739725,40.054646,60.109585,35.561646,52.018265,56.229507,33.53425,38.484016,44.34703,50.947178,42.228313,61.972603,61.698627,37.723133,42.009132,66.520546,50.19178,42.05829,41.91781,50.50228,48.675797,40.692165,56.200912,55.81735,44.018265,44.60838,49.187214,62.557076,51.196346,25.79235,34.75799,40.511414,46.59361,49.198544,41.753426,42.6484,66.41096,50.546448,57.62557,54.666668,45.077625,33.551914,46.37443,43.159817,51.525112,55.123287
LBY,ssp1,tx90pETCCDI,19.90928,13.865667,20.277601,12.303366,17.410868,20.171534,14.722852,21.705524,25.022226,17.136215,17.30654,23.584324,31.472376,31.757318,23.59793,17.702984,16.693277,31.035357,26.797604,12.389549,17.732014,21.60008,26.036469,26.308628,30.18144,29.39782,18.045904,25.629139,33.043636,24.469837,25.26989,31.879705,27.68212,18.474287,26.3431,40.383743,22.483898,25.847717,21.240133,29.732376,25.890411,24.344082,17.699356,13.41105,28.280869,24.60464,15.11476,20.435453,25.858658,18.679659,24.760046,28.859655,19.717863,24.068142,33.0899,27.734737,21.096798,15.563819,29.913816,39.706066,31.808037,28.150219,14.997731,25.650003,27.388187,19.8965,27.74562,42.752426,26.569899,21.277096,26.518188,17.867188,32.978317,20.754171,18.723577,28.328041,31.605734,12.616256,18.297197,24.50059,31.3871,20.955019,26.019232,22.659893,33.759415,34.934227
LKA,ssp1,tx90pETCCDI,12.826899,20.19374,16.961395,18.430885,16.56289,16.865376,16.239103,6.9987545,16.064756,16.840536,8.194271,15.342465,9.638854,29.632391,18.405977,6.7745953,13.150684,9.314456,28.393524,15.16812,23.088417,28.042723,38.505604,13.150684,19.800747,38.623947,11.13325,12.403487,21.643835,39.91555,28.393524,51.481945,29.738482,27.322405,20.722292,43.188046,55.367374,19.970194,21.046078,33.449566,25.504358,28.638847,38.67995,25.529266,31.80573,46.770985,11.531756,14.919053,34.545456,37.754593,30.90909,29.09091,50.087173,26.40338,30.136988,39.377335,33.599003,25.956285,33.150684,45.379826,37.633873,26.70144,29.290161,27.696138,42.241592,12.940885,28.94147,46.924034,38.655045,11.525086,18.1071,19.601494,28.194273,33.70591,17.7335,26.650063,42.93898,30.079481,15.865505,22.963884,37.185555,26.676603,28.891657,32.30386,42.19178,46.824406
LSO,ssp1,tx90pETCCDI,12.328768,21.092896,5.3150682,10.082191,9.972603,13.715848,35.945206,15.561644,21.479452,29.836065,22.30137,28.0,10.136987,30.874317,36.547947,19.671232,11.780822,10.054645,28.767124,9.753425,40.547947,14.53552,40.82192,16.438356,14.301371,51.25683,18.41096,20.109589,21.424658,29.945354,31.890411,45.31507,28.986301,29.617487,23.835617,44.931507,39.28767,32.02186,14.246576,43.232876,19.506847,38.688526,40.0,43.39726,24.71233,30.819672,23.123287,20.876713,33.369865,28.360657,17.917809,46.520546,32.164383,16.8306,16.0,31.61644,32.493153,22.568306,20.49315,52.767128,53.972603,31.03825,48.65753,32.27397,30.520548,27.158468,21.315067,28.164383,58.68493,20.655737,8.931506,27.178082,27.342464,23.114754,28.876713,55.561646,59.45205,20.819672,24.164383,32.657536,35.068493,24.64481,41.36986,16.876713,42.849316,50.904106
LTU,ssp1,tx90pETCCDI,16.406124,8.18065,29.137793,18.742949,18.21112,22.532948,29.895247,20.53183,22.691378,12.873674,14.520548,19.145851,26.962128,28.367085,16.132153,28.025785,29.524578,5.914497,15.697018,20.564062,22.675262,19.077469,23.12651,26.672039,40.4996,27.467052,27.751814,35.08461,32.248188,34.715527,32.296535,14.198227,15.616439,19.43105,25.914585,25.012087,34.327156,21.311476,21.031425,28.154713,16.970186,23.095469,19.758259,17.050766,22.095085,20.877531,37.64706,24.319098,22.046738,31.758276,31.619661,33.360195,32.344883,27.772419,15.004029,20.564062,21.62772,32.97975,19.548752,24.59307,26.881546,42.815815,16.728443,30.36261,15.600322,14.20765,20.145044,18.791298,20.499598,19.045322,12.667204,17.27639,14.133763,12.198649,11.82917,28.670425,18.291702,21.697203,21.885574,16.390007,28.251411,16.972034,28.025785,29.073328,15.116841,10.475424
LVA,ssp1,tx90pETCCDI,16.62581,9.9654875,25.20548,19.740446,20.086517,24.705206,32.054794,19.812546,24.340303,13.085994,14.434031,16.683489,24.744053,26.632154,17.245855,27.72891,29.776495,6.8306007,13.107426,22.19178,21.49964,18.996262,25.061283,24.657536,42.16294,26.862238,28.608507,34.83778,34.1168,31.96721,31.146358,14.866619,15.5010805,19.140062,23.172314,25.94088,34.578228,21.484037,18.788752,29.94953,18.385004,23.339087,22.408075,17.0584,22.465754,21.786022,34.289833,23.042538,20.418167,31.82341,31.492428,35.47224,33.496754,27.926373,14.491709,17.563086,21.557318,31.909693,21.715935,25.075703,22.624369,46.850735,16.683489,29.401587,16.092285,15.933276,20.865177,19.841385,19.134823,18.464193,11.535688,18.673395,14.246575,12.625827,11.925018,29.069937,18.630136,22.648836,24.42682,14.852199,29.19971,16.2784,29.459265,30.093727,19.077145,10.555155
MAR,ssp1,tx90pETCCDI,23.838062,18.932962,24.483856,17.791096,24.315067,24.148615,22.10861,21.893345,22.989237,21.57982,25.958904,27.030333,24.107143,19.464773,22.186888,21.905577,26.117907,26.802792,32.123287,33.74511,27.952543,21.106556,30.220156,33.24364,31.69765,29.2057,25.039139,26.927593,23.67906,29.00322,39.393345,35.503914,35.90998,44.062256,37.142857,23.571428,31.259785,33.11622,32.548923,27.539139,27.040117,19.035421,27.71771,26.110567,30.496576,30.835285,33.00636,40.092957,25.684933,32.50878,29.280823,26.638945,35.39139,36.287567,29.368885,36.42368,39.0362,38.509953,26.294031,26.521526,29.165852,28.134756,49.403133,28.752445,35.18591,35.323967,33.16047,21.330723,39.907043,28.112803,37.63209,33.24364,42.1453,32.99668,30.132093,24.843445,28.75734,35.98751,26.773483,27.113504,20.677593,34.87022,29.564579,30.6409,27.59051,27.36546
MDA,ssp1,tx90pETCCDI,11.702544,4.957065,27.201567,15.225049,20.430529,20.569868,13.542075,25.479452,19.960861,12.06089,21.839529,23.835617,18.512722,21.701796,20.0,28.727983,33.033268,11.124122,13.072408,8.454012,16.67319,20.530836,16.790607,39.25636,35.029354,28.922716,10.528376,35.14677,31.663404,25.019516,37.80822,13.385519,26.105677,18.07182,30.567514,30.684933,24.187866,27.166277,13.1115465,28.610567,10.215264,18.969555,17.495108,25.479452,15.107633,16.627636,37.416832,35.342464,23.67906,26.971117,34.52055,37.612522,25.98826,25.019516,20.430529,25.362034,14.363992,27.673693,13.150685,17.651663,25.048923,23.497267,14.833659,27.514677,19.921722,17.09602,19.256361,21.017612,15.890411,20.21858,16.046967,22.935421,24.07045,15.378611,16.63405,29.549902,18.943249,22.638563,16.947163,15.107633,32.328766,21.818892,21.878668,33.111546,12.954989,20.626223
MDG,ssp1,tx90pETCCDI,16.582125,14.505221,23.423302,18.065916,21.632984,7.877509,17.03784,11.740133,33.73932,29.70838,23.474842,26.59433,47.52204,34.910458,31.365795,21.093178,20.821918,21.400745,37.76753,27.424387,19.096704,33.98258,39.858944,32.13075,25.029161,46.028786,36.606537,33.343277,34.51241,40.028675,32.57019,41.40513,47.4488,30.23048,36.34884,39.9783,36.28645,33.376617,28.712872,31.981554,24.323885,38.824867,51.93544,44.64126,37.032413,41.137802,20.490982,28.938017,39.297436,45.230755,31.241014,41.467518,48.840366,22.377321,34.05398,36.43293,38.866135,34.299084,40.99552,43.781364,50.0963,47.968403,34.542248,33.451782,49.960667,24.003138,27.242641,44.47579,36.11827,21.116701,44.27506,32.06022,39.818256,43.115295,46.18202,25.948732,42.737015,31.715631,47.966908,40.870747,42.091415,34.226044,32.442696,39.818256,48.840363,44.033638
MEX,ssp1,tx90pETCCDI,21.637661,16.298777,20.111134,16.289408,22.645573,23.264065,24.92379,15.68281,23.523056,15.457554,20.689949,26.37623,24.011576,31.593166,34.063667,25.395332,29.856838,25.165089,25.565117,31.139494,27.67432,29.484337,24.157438,20.27706,27.061548,36.950665,33.749565,37.83909,38.806095,35.48449,36.454563,30.495852,30.159367,34.183792,30.527494,32.448387,36.259308,40.45563,31.431217,26.139301,27.57785,33.36797,38.90488,37.75034,25.833687,35.887787,29.13525,31.830214,28.592707,24.9696,33.065792,32.78719,38.616245,36.112522,28.020065,34.040516,32.829636,35.262833,38.99749,28.503956,36.900635,39.048717,44.318733,30.989002,36.351147,32.856155,28.529423,31.943663,38.837738,34.803356,38.158596,31.50299,32.92842,38.93481,35.37025,25.488712,30.88173,35.121986,32.70693,33.03338,29.49952,31.90872,31.329346,33.30504,27.806288,31.293074
MKD,ssp1,tx90pETCCDI,12.054794,9.344263,27.561646,13.315068,26.90411,28.579235,16.328768,34.30137,41.041096,20.10929,28.547947,34.027397,30.082193,18.907104,20.602741,25.205479,35.945206,18.579235,14.356165,8.986301,15.287671,13.005465,29.424658,42.30137,42.356163,32.295082,24.547947,31.013699,25.917807,32.677593,54.849316,23.561644,30.739727,29.945354,31.945206,44.931507,32.219177,48.087433,24.71233,31.561642,19.342464,29.562841,26.246576,40.054794,15.780821,33.715843,39.945206,45.369865,35.616436,33.387978,46.958904,33.643837,32.493153,30.437159,26.191782,41.31507,22.356165,36.065575,18.575344,38.630135,32.71233,24.535519,20.383562,26.246576,32.0,31.912567,26.082193,25.041096,27.123287,28.415302,26.356165,37.53425,31.342464,17.15847,42.356163,32.767124,20.109589,25.57377,22.082191,19.561644,31.726028,26.393442,17.58904,41.589043,11.287671,26.849316
MLI,ssp1,tx90pETCCDI,23.995434,17.254856,22.316084,25.33105,24.39244,27.14152,19.594114,19.32902,34.63597,32.101295,20.838406,30.436327,22.380772,39.702236,29.830034,13.602233,20.45789,37.11926,42.633183,22.181633,34.75647,39.42775,40.07864,27.255201,43.37519,38.019882,22.347792,40.43506,34.807205,44.894756,37.53425,42.261543,46.41045,35.507744,43.362507,49.585236,35.92339,30.011637,39.34678,41.94698,34.45586,41.11769,30.081177,31.721207,41.1035,40.1905,20.521309,31.407913,41.1035,34.810764,29.30619,34.27575,36.315323,33.90508,43.581936,43.551495,29.354387,21.634031,38.424656,47.638256,46.983765,43.93721,24.370876,49.174274,45.92339,27.05171,52.91857,59.33536,43.947235,25.139143,43.184933,34.74759,55.651955,37.345676,33.009895,36.78336,48.07585,36.122494,43.221714,37.347794,38.97641,33.077816,29.214867,30.96271,53.55784,48.2103
MMR,ssp1,tx90pETCCDI,12.069089,11.427893,8.061942,18.777845,20.228706,10.917083,30.025015,16.588446,20.821917,27.814207,15.154259,17.076832,11.6474085,20.589212,20.962477,20.864801,13.350803,12.668092,36.43836,18.175104,15.876117,27.46733,36.395473,19.161407,27.170935,41.25208,23.030375,26.327576,31.62835,34.94892,26.153662,28.240618,29.303156,26.545498,27.082787,37.11495,40.19774,34.782608,20.238237,34.68017,34.268017,23.554289,49.074448,40.602737,32.207268,44.328815,31.554497,26.606314,34.69446,39.315754,39.182846,29.624777,35.683144,34.528393,44.919594,49.01489,26.865992,27.809456,43.735554,59.52829,40.121502,44.37634,33.117332,41.70816,44.014297,31.793776,42.673023,29.810602,52.0,27.780947,38.549137,22.077427,28.712328,33.273937,24.157238,27.58785,32.00953,27.978142,28.788563,34.075043,33.548542,30.038013,32.719475,29.26504,47.130436,52.800476
MNE,ssp1,tx90pETCCDI,12.054794,9.289618,28.767122,12.694064,26.575342,24.954462,15.799087,30.41096,39.54338,20.582878,25.388128,30.867579,32.328766,22.58652,19.360731,26.392694,31.598173,20.582878,17.442923,12.785388,16.894978,13.114754,31.50685,43.470318,38.356167,31.32969,25.479452,29.31507,31.872147,33.24226,55.61644,20.091324,28.310501,29.96357,34.611874,42.922375,28.219177,42.987247,24.840181,27.12329,18.447489,32.969036,23.47032,33.972603,18.264841,32.42259,34.337902,38.995434,34.3379,33.424408,46.48402,26.118721,36.438354,24.863388,26.118721,34.97717,25.296804,35.79235,12.60274,41.278538,31.872147,24.863388,18.538813,28.584475,32.511417,33.06011,30.136988,21.73516,24.018265,25.50091,21.461187,40.27397,30.68493,19.125683,37.260273,34.52055,18.264841,27.86885,20.091324,21.826485,32.328766,26.411657,15.433789,41.91781,8.858447,25.84475
MNG,ssp1,tx90pETCCDI,13.719763,16.626022,19.792446,13.047285,21.58421,14.58098,17.188574,20.283785,23.17144,14.857216,19.30337,23.657495,21.890636,16.63129,15.570398,19.699612,26.844032,15.197429,28.108232,24.17827,27.903694,24.647367,19.95698,25.806255,32.7952,30.49346,20.14491,25.266615,25.45832,28.294117,34.04506,27.715763,31.758934,28.385193,31.583078,27.80407,28.788256,16.305378,22.214422,22.669535,27.08555,27.804873,19.058077,33.481262,37.687458,23.861568,22.219706,22.865013,19.073927,30.464104,29.924149,26.982151,31.16495,24.86113,24.216763,23.561644,26.733084,25.861446,27.472734,24.350351,27.226688,33.5629,24.801691,24.81075,25.388128,27.377352,19.144873,28.321825,30.924187,22.688131,23.129175,26.161741,22.971432,18.620632,25.224348,18.024832,26.769314,21.589216,20.689838,31.337032,22.491415,25.274353,27.358767,29.370918,21.605343,23.178232
MOZ,ssp1,tx90pETCCDI,15.536204,23.104996,13.344423,22.880625,17.448141,14.41452,16.027397,18.348337,27.305285,28.950039,21.911936,24.007828,19.75538,36.332943,21.438356,20.524462,16.900196,22.238485,24.996086,13.260274,19.107632,38.12451,33.906067,21.690804,18.088064,33.366512,17.420744,19.933462,18.857143,30.382513,25.023483,48.291584,44.403133,29.750195,25.183952,28.475538,40.7319,23.12061,28.598825,45.75734,19.83366,25.71819,41.117416,24.774952,42.812134,44.02615,19.497065,22.837574,33.446186,36.43833,30.248531,33.83953,41.17221,20.093678,36.469666,46.544033,26.381603,24.613583,25.823875,44.913895,39.301373,38.1694,29.594912,34.181995,41.34051,26.434425,25.51272,47.51272,46.062622,29.361826,33.254402,32.563602,36.50098,36.354412,30.606655,27.021526,40.311153,36.03825,43.301373,45.567516,36.455967,34.629196,28.021526,47.479454,49.569473,40.514675
MRT,ssp1,tx90pETCCDI,27.715902,18.55993,25.211437,19.714115,21.210543,30.112556,22.270697,21.874628,31.712328,28.305418,24.309114,34.191483,23.317451,32.338444,29.02174,17.905003,24.16617,36.64172,39.216797,26.57981,31.555984,25.916191,33.327873,30.410957,43.34872,34.666786,20.183146,39.346336,31.101847,41.74982,38.664383,42.376415,42.03246,40.653954,44.72156,38.694164,36.57981,34.714302,37.507442,35.684933,33.610783,30.840164,28.149197,28.418701,40.795116,33.753563,28.013699,35.583683,39.01876,33.21157,27.42406,31.597677,37.33919,33.106144,36.332638,47.869267,33.94282,26.040926,33.243004,42.820133,38.10155,36.058147,33.646515,40.646217,45.970814,32.71858,47.066708,40.719177,44.05301,28.309874,46.637882,38.779034,55.567303,34.74103,36.885048,31.593212,40.674507,36.505108,35.03127,35.1891,28.60929,40.1179,28.707565,27.607206,40.76236,40.23228
MWI,ssp1,tx90pETCCDI,15.602018,23.324705,16.149963,27.05119,18.93295,22.28933,19.062725,16.135544,24.614275,29.910843,24.527758,27.584713,15.602018,37.77682,23.806778,18.832012,21.903389,19.513948,30.064886,15.1117525,22.840662,40.926086,40.519108,23.244411,27.267485,42.263447,24.196106,25.421774,23.907715,39.83319,29.545782,47.916367,45.018024,35.15962,25.147802,34.434032,42.56669,26.9629,37.202595,50.295605,24.599857,30.730515,43.071377,25.508291,47.4982,49.237846,24.297043,31.016582,32.271088,36.94277,34.996395,42.23504,48.95458,20.23296,37.721703,49.18529,31.333815,28.817947,36.308582,54.304256,41.341022,40.98361,37.77938,42.134106,41.87455,25.985044,29.012255,50.46864,45.292,31.075638,28.406631,27.094446,34.83778,43.773365,33.26604,31.665466,51.79524,43.025597,47.426098,47.685654,42.710888,40.250214,32.84787,47.714493,46.431145,47.959625
MYS,ssp1,tx90pETCCDI,22.127024,16.9846,15.9053545,24.966375,28.3736,20.601091,29.728518,14.784558,24.986301,39.210133,25.444582,23.422165,23.103363,47.322403,31.910336,18.316315,20.652552,36.304024,47.566624,26.993774,29.628891,44.088425,54.924038,30.027397,41.98755,67.63537,33.061024,31.392279,39.078453,62.97566,35.930264,62.206726,48.129513,42.444115,38.042343,66.924034,61.867996,40.298065,42.206726,54.32628,30.465754,35.072033,56.727272,39.646324,56.02989,65.28068,33.379826,32.323788,43.940224,64.61003,37.803234,45.215443,63.00374,34.446102,43.02366,65.83313,43.616436,39.234974,46.953922,64.33873,66.90411,38.872326,38.445827,53.8132,65.12578,45.534027,47.706104,75.491905,71.80074,32.81172,33.61893,35.073475,58.356167,48.23646,39.038605,48.861767,64.87173,46.299053,39.457035,42.141964,58.739723,39.15549,44.273975,47.506847,67.70112,66.88917
NAM,ssp1,tx90pETCCDI,14.971461,16.799484,8.173516,17.090944,17.604643,20.245142,22.67694,10.591704,25.924658,27.466606,15.865677,23.833714,7.9452057,34.851242,29.385464,20.920853,12.009132,18.721539,46.371765,9.916286,43.453197,24.973436,37.446728,18.531202,31.99962,44.594337,19.579529,26.952055,29.240868,47.808517,48.278156,47.528538,32.463852,25.910746,19.49201,41.607685,38.086,32.66166,22.89003,56.05974,11.059742,32.18921,32.907154,33.11834,30.003805,41.70841,24.558601,14.828768,18.361872,34.52869,19.863014,32.397263,26.990107,26.574833,18.803272,38.666286,21.803654,16.511082,17.319254,54.282726,44.313164,25.19543,42.40487,36.00076,41.38128,16.380161,18.85274,44.004948,59.880135,12.135701,13.089802,34.328384,30.407156,35.708866,24.589043,46.002666,54.014458,23.256298,19.379755,26.248098,36.99201,21.30768,27.848173,32.74353,53.39802,45.393837
NCL,ssp1,tx90pETCCDI,22.90411,14.590164,27.342464,16.547947,39.780823,18.852459,25.205479,15.561644,12.712329,23.715847,23.835617,30.08219,17.369862,44.153008,29.58904,18.30137,13.315068,21.639345,34.68493,26.958904,24.0,33.169395,32.60274,19.068493,15.726028,47.431694,28.054794,27.616436,25.369862,63.333332,29.20548,34.246574,46.246574,53.114754,27.945206,11.397261,50.739723,43.22404,35.232876,46.08219,41.753426,22.349728,38.958904,33.42466,31.397259,57.59563,23.342464,24.767124,35.780823,42.40437,36.328766,17.753424,65.53425,49.945354,31.890411,43.945206,38.79452,33.442623,30.246576,53.42466,39.671234,41.366123,37.80822,34.958904,43.835617,47.15847,42.794518,51.616436,58.356163,42.295082,25.479452,23.068493,26.027395,50.382515,31.616436,49.095894,59.780823,37.868855,29.369862,33.91781,19.50685,37.10383,38.57534,54.027397,32.43836,59.616436
NER,ssp1,tx90pETCCDI,17.329103,18.168726,19.807005,29.112625,24.348473,26.181053,16.751467,22.851746,28.439167,25.533663,16.306093,32.18166,30.390715,43.912354,31.463663,13.120994,19.064714,44.057713,36.25211,13.34368,34.76348,52.542465,37.700253,28.464808,35.868816,43.68489,18.604494,30.15183,42.53728,41.00783,36.059113,42.79101,42.05682,24.417885,39.167286,57.041637,35.831028,27.195887,30.209866,37.33855,32.166813,42.46009,28.60112,21.460289,44.217556,40.57848,16.443754,25.820906,39.29685,30.163666,27.53222,39.345436,33.434105,35.314545,49.63223,34.431473,26.741346,19.389486,45.87894,49.617386,42.776165,41.325474,20.962276,51.58783,38.93245,19.861908,41.904312,63.11627,35.50847,21.976366,38.568054,20.365747,47.807545,34.734447,22.423914,43.29712,47.483635,24.712643,38.877117,42.61826,52.332817,23.32364,35.150818,28.6713,55.308723,56.497738
NGA,ssp1,tx90pETCCDI,12.655011,10.909189,10.037851,23.251623,21.596972,10.211749,24.345709,8.399423,20.196466,32.614323,12.051189,22.878515,14.702595,34.126045,25.299208,10.347873,14.212329,23.468508,32.222424,19.401587,24.27181,43.16401,34.760273,13.923938,21.598774,36.054787,16.286951,21.432947,26.402308,35.707867,25.126171,29.891851,31.613195,26.704056,27.584717,41.842106,36.481617,18.82909,25.996756,32.46395,28.002884,32.438164,34.439438,20.192862,32.856884,40.05788,13.850037,20.937275,34.792717,36.804356,31.427542,29.619684,33.70764,28.363173,42.66763,33.70584,22.283707,16.850014,27.372025,42.467556,34.163666,28.330816,22.310743,44.188896,40.38212,15.999784,40.12076,48.976208,35.609226,19.893227,30.068495,30.666906,29.513338,31.792852,31.894377,30.043259,43.017303,29.643011,46.605984,31.798847,36.441963,25.185144,25.055876,20.739006,47.97044,50.401947
NIC,ssp1,tx90pETCCDI,14.98132,14.667163,16.961395,47.310085,27.21046,28.912071,35.89041,30.59776,44.98132,27.533531,26.313824,31.145704,31.706102,46.609535,43.51183,26.724781,40.909092,56.308994,50.510586,26.48817,31.706102,46.06309,52.851807,33.175594,43.113327,60.370094,26.899128,31.50685,60.23661,62.704918,59.688663,70.373604,61.17061,54.533035,47.02366,72.36613,65.504364,49.46597,49.66376,69.52677,31.24533,46.348732,52.55293,47.77086,72.8269,58.233982,32.02989,51.407223,59.315067,55.12916,41.033627,57.808224,53.325027,33.991554,47.783314,61.257786,42.0797,21.559862,48.63014,67.75841,59.50187,52.29756,50.037357,75.41718,51.158157,40.846992,60.98381,80.348694,51.992527,21.957277,31.432129,44.321293,65.82815,47.90114,44.22167,71.1208,76.15193,49.49081,56.87422,49.676212,61.1208,56.17238,38.107098,60.087173,61.008717,52.78954
NLD,ssp1,tx90pETCCDI,14.876712,16.666668,31.972605,25.013699,17.835617,24.836065,17.232876,26.136988,24.986301,18.306011,14.054794,20.082191,29.123287,17.868853,13.753424,29.69863,25.260273,14.590164,21.315067,21.890411,29.20548,24.016392,24.356165,24.575344,23.616438,23.98907,26.493153,19.479452,29.260275,31.202185,29.534246,23.178082,14.739726,36.584698,22.849316,28.575342,33.39726,22.677595,28.328766,25.424658,20.575344,18.387978,21.643835,20.575342,19.397259,21.092896,26.739725,24.630136,21.726027,34.043716,27.506847,30.849316,42.493153,28.469946,22.520548,25.452053,32.876713,29.398907,23.643835,24.027397,35.643837,33.60656,34.27397,26.109589,26.136988,24.234974,29.616436,17.123287,28.767124,19.42623,14.767123,28.246576,16.49315,14.207651,15.643835,21.260273,20.30137,18.852459,20.383562,24.054794,15.178082,13.797815,36.79452,29.69863,18.082191,13.671232
NPL,ssp1,tx90pETCCDI,17.80822,18.285772,13.637748,28.056824,20.537798,19.742968,17.28057,14.814815,12.694063,12.254603,15.159817,17.686453,23.92694,25.551506,25.702688,18.579401,23.196348,18.002428,29.964485,16.276003,23.795029,20.269176,33.221714,19.107054,23.32826,28.24327,20.629124,26.595638,26.078135,26.644405,19.665146,28.959917,36.57027,33.808945,23.61238,34.855404,40.55809,38.271606,33.63775,23.338406,38.528664,25.35924,29.406393,30.918314,27.650938,38.01862,27.062405,31.730087,32.42009,22.414492,40.618977,30.08625,27.914762,41.22647,38.346016,29.680367,44.718414,30.29751,37.73719,51.435818,29.619482,44.30277,36.38762,37.73719,35.97159,36.551304,40.416035,35.00761,33.008625,26.04736,37.077625,33.556572,30.593607,26.18903,27.742262,30.644344,30.51243,37.927544,35.017757,48.087265,24.535769,24.782433,25.94622,29.507864,29.812279,39.74632
NZL,ssp1,tx90pETCCDI,19.25636,16.258999,13.781257,15.664274,17.62992,18.119524,17.564688,14.346598,11.746032,13.075723,17.682106,21.395956,18.891064,27.430826,28.614916,16.760164,15.359861,14.806141,21.030659,22.73103,24.548815,18.33637,21.491629,27.223309,22.552729,30.002602,29.471624,34.285713,22.08741,20.0798,24.266144,26.86671,25.088062,16.69269,16.99065,23.922592,25.844748,23.388845,24.38791,25.862144,29.863014,19.962702,35.79474,27.227657,28.267014,25.618008,31.015438,41.043705,26.314417,34.534653,29.976082,25.288105,29.845617,23.774828,28.1496,32.041748,32.846268,28.493364,23.696455,34.47706,31.163298,29.074507,34.437923,25.214178,27.832138,24.477406,28.506197,15.233747,23.492064,33.0471,32.45488,29.654274,25.122852,25.357794,25.266361,24.857576,29.510763,27.083876,19.439009,19.39987,22.200478,30.596756,24.35312,16.125244,18.964993,33.842136
OMN,ssp1,tx90pETCCDI,21.698631,20.39245,21.853052,16.592777,20.288916,18.76801,21.464508,19.641344,17.240349,22.851465,18.874222,30.784557,30.545454,31.12767,31.407223,31.721046,22.351183,25.742674,34.42092,36.64259,27.018679,39.379036,32.55293,26.90909,33.783314,32.180824,28.946451,45.683685,36.59776,36.09538,31.332504,30.331259,39.880447,39.339294,36.71233,41.957657,39.531757,37.516144,34.366127,35.47198,45.67372,27.620468,25.643837,28.577835,34.630135,47.18331,30.097136,30.809464,38.660023,37.377052,33.96264,39.9203,43.2528,33.328365,45.310085,41.972603,44.737232,30.839542,38.909092,43.118305,35.611458,45.658222,36.019928,41.25529,43.835617,27.451565,44.114567,36.6924,34.50062,36.507698,35.721046,34.30137,46.047325,36.89518,40.557907,36.86675,35.42217,44.68455,36.10959,34.25654,34.211704,33.994038,42.94396,48.084682,34.435863,36.468243
PAK,ssp1,tx90pETCCDI,21.248652,15.4942875,21.100872,15.237858,12.856787,18.508032,19.01702,17.58572,14.638439,18.663687,14.294728,20.164383,32.75052,31.197218,21.39809,24.499792,18.781237,21.685709,26.349524,33.685345,22.14695,21.09124,36.19261,24.00166,29.72852,26.67329,28.171026,42.170193,24.396845,35.76751,26.52885,32.396847,44.07306,45.204506,26.767954,27.750935,31.825653,38.585857,39.61644,33.786633,44.659195,27.704918,25.497715,21.77169,25.233706,47.201523,26.965546,38.259857,28.207556,22.73224,23.784143,33.090908,27.252802,34.616657,27.6264,28.602741,45.260273,30.382513,33.680367,30.885845,28.977997,33.717503,43.262764,39.870483,25.049398,28.20169,44.209217,25.96098,28.82524,36.335484,35.87713,31.80905,41.145702,32.035107,30.68493,35.54338,30.14363,34.64315,28.00332,35.36239,18.688251,24.051994,31.081778,35.780823,25.51266,30.462433
PAN,ssp1,tx90pETCCDI,25.22831,18.397085,24.429224,47.37443,34.246574,24.089254,27.237442,30.593607,37.694065,39.435337,27.762558,24.680365,33.0137,53.09654,21.461187,18.196348,29.246574,48.406193,58.19635,24.56621,31.50685,56.48907,61.94064,31.141554,48.812786,68.14663,19.58904,31.027397,51.187214,72.95082,54.52055,68.401825,56.004566,49.385242,46.07306,73.44749,50.25114,39.480877,60.525116,62.78539,28.356165,43.374317,55.13699,39.223743,71.16438,62.932606,17.694063,37.19178,56.09589,69.285065,46.9863,58.49315,66.96347,35.200363,59.38356,83.24201,45.296803,36.976322,52.922375,72.328766,64.38357,50.50091,51.712326,71.64384,66.89498,36.49818,54.931507,79.61187,54.703197,18.897997,35.114155,49.863018,70.04566,54.09836,41.6895,67.07763,70.365295,58.720398,52.328766,51.94064,64.29224,51.75319,51.917805,59.56621,71.00457,66.210045
PER,ssp1,tx90pETCCDI,21.975353,17.004766,16.059298,31.311691,27.985237,20.273474,27.627449,16.82617,34.025146,31.529306,25.82098,24.459873,28.275473,48.27707,22.727217,17.507975,21.448677,43.773235,52.746605,20.349033,28.01276,44.283504,52.51892,22.4595,39.782326,68.10141,22.266842,25.08288,46.20254,59.390675,40.520424,59.65847,47.314693,43.735806,42.36192,59.874897,42.5233,30.989096,42.842308,50.58485,26.838057,35.17978,55.812847,32.31,51.351723,60.30766,22.17802,24.54119,48.49941,62.236443,30.249578,48.410583,56.139362,39.732265,41.736412,70.370926,38.77275,32.64965,41.969097,63.92694,54.294113,40.685432,38.54507,52.327515,58.518795,28.876913,36.878716,60.255207,51.6895,18.131348,31.189093,32.491398,54.005127,48.54031,30.80628,49.336334,58.939137,42.999725,47.676235,45.050354,46.936886,39.507698,43.687996,51.11653,64.9903,61.11841
PHL,ssp1,tx90pETCCDI,21.17061,13.195479,16.737236,22.409714,33.312576,16.412071,42.384808,18.16314,23.686176,37.301292,28.655043,28.356165,21.537983,48.596622,36.531754,22.833126,23.387299,26.788374,58.094643,40.280197,28.25031,39.43741,59.88169,36.606476,30.983812,71.74615,45.529266,34.993774,31.500622,69.28713,27.833128,54.545456,39.912827,48.91952,32.22914,62.901615,58.262768,43.80278,32.023663,59.73848,38.019924,24.888226,64.68244,37.353672,44.090908,73.52831,40.049812,32.266502,37.733498,65.82836,43.62391,33.362392,64.39601,39.654743,29.788294,72.814445,50.423412,40.014904,39.377335,65.610214,59.508095,38.7233,44.315067,43.094646,64.066,55.961254,39.707348,61.251553,73.21295,36.99081,33.86675,34.79452,47.652554,63.35072,37.590286,38.132004,66.13947,44.237457,48.113327,37.801994,45.186802,31.408344,40.81569,42.932755,62.04857,73.15069
PNG,ssp1,tx90pETCCDI,22.654331,19.778582,24.750044,24.020636,28.927237,15.112484,32.35723,23.579435,19.932396,26.467249,33.49938,40.68671,28.240526,37.50266,43.15958,39.434265,28.002134,31.335604,45.458103,44.72514,39.202988,36.0017,44.07045,50.43231,33.17559,62.15315,61.021175,41.814625,39.34175,57.763824,37.91852,51.3076,43.728874,48.72259,47.8776,52.599182,57.900734,55.691578,35.2464,53.271664,50.805904,34.106876,53.54563,49.998222,49.42537,64.39571,53.13645,41.18484,39.94307,52.07934,55.708946,44.429817,62.839355,57.08253,42.62587,58.40242,61.679417,66.07054,48.130226,55.178795,49.432484,45.255836,53.406864,48.06618,49.261696,70.857285,45.45099,60.323788,59.768726,54.407066,44.34798,34.858566,36.036293,56.269962,53.616795,40.160114,57.046787,43.18714,45.870842,40.0,41.181286,36.57299,48.130226,47.308308,52.95499,61.266678
POL,ssp1,tx90pETCCDI,15.790491,8.469946,31.036263,21.034649,21.002417,21.478624,16.541498,19.43594,26.33038,14.429443,14.062852,18.433521,27.922642,24.551592,13.228042,29.663176,27.252218,8.2995825,14.97502,17.695408,24.331991,21.735777,18.929895,30.291698,33.186142,27.293474,23.96132,30.095085,33.66962,35.885567,35.85173,18.730057,14.446414,18.704597,26.053183,27.429493,28.299759,19.061396,23.055601,23.481064,16.634972,22.854387,15.123288,20.789686,21.10556,22.584377,38.655922,29.811443,24.937954,30.279654,33.182915,31.248991,32.705883,22.407585,19.24577,24.41257,22.907333,35.528767,16.067688,29.843676,33.614826,31.73899,23.55842,31.77115,17.369864,17.351334,22.191782,17.082998,18.497986,21.076824,12.212731,20.228848,12.8219185,12.4654455,13.108784,26.38195,18.091862,20.96432,17.244158,20.999195,22.078968,14.175507,23.945206,32.244965,12.657534,12.854151
PRK,ssp1,tx90pETCCDI,13.470319,11.976321,25.924658,14.554794,19.383562,21.698542,18.1621,10.913242,21.027397,20.981329,18.05936,12.614155,21.769407,14.3898,21.50685,24.646118,29.79452,17.748178,23.116438,40.924656,33.150684,26.616575,24.783104,29.417809,40.82192,25.910746,38.86986,34.89726,27.842466,31.329689,32.568493,26.52968,28.401827,39.628872,34.018265,33.356163,31.027397,31.181694,18.835617,23.424658,25.559362,30.74909,13.401826,24.77169,42.06621,20.37796,24.885843,24.600456,26.96347,33.401638,31.484018,29.805937,28.961187,32.604736,23.436073,26.118721,30.136986,33.948086,17.134703,22.203196,28.595892,33.19672,32.203197,30.74201,29.166666,32.37705,25.456621,28.767122,34.554794,29.417122,23.321917,33.652966,21.50685,14.241803,23.03653,15.810502,37.75114,34.48315,25.639269,31.9863,23.18493,30.248178,32.5,31.05023,25.37671,18.139269
PRT,ssp1,tx90pETCCDI,21.225666,18.392292,38.976208,23.244411,26.589762,27.207361,30.093727,28.997839,13.626533,24.90653,28.521988,21.744774,19.423216,9.49094,15.097332,23.590483,25.090122,24.273798,24.888248,35.630856,33.75631,24.604544,18.082191,23.489546,24.542177,22.260569,28.53641,28.305696,31.05984,30.38539,36.97188,30.05047,33.39582,43.3132,27.296322,22.89834,19.783707,23.799252,33.165104,27.786589,16.64023,17.342537,23.907715,21.268927,25.16222,32.973827,24.239365,40.432587,19.120403,34.756973,29.805336,28.44989,31.146358,37.661777,24.571016,30.223505,42.350395,41.27121,28.810383,23.864456,23.850037,23.324705,51.49243,27.959627,26.070656,29.508198,30.973324,20.807499,26.31579,19.54271,27.368422,29.113195,30.180246,32.52804,16.164383,19.754868,24.354721,25.294794,28.348953,24.224947,19.206923,16.465343,25.681326,25.23432,29.012259,19.769285
PRY,ssp1,tx90pETCCDI,5.479452,15.495707,25.178082,21.502935,19.111546,16.49883,10.806262,8.845402,22.579256,16.104605,12.383561,20.544031,34.26223,18.942232,8.2113495,14.348336,24.63405,24.562841,14.555773,21.839529,17.600782,6.4519906,10.35225,10.994129,24.246574,27.349726,31.60078,44.50098,44.97456,17.751757,24.25049,12.180038,16.035225,13.352849,21.643835,13.737769,24.12916,29.063232,19.913895,15.127201,25.984344,29.664324,27.94912,21.968689,23.772995,9.41452,13.733855,21.956947,42.97456,38.774395,39.362038,26.125244,10.575343,6.67057,13.733855,18.497065,18.328766,13.583138,29.710373,26.943247,12.485323,15.468384,15.09589,15.843445,7.5225043,15.807962,15.064579,22.829744,6.3209395,5.0429354,22.133072,32.391388,37.56556,15.409836,25.420744,19.882582,18.164383,14.234972,11.052837,29.796478,32.681015,11.924278,13.315068,19.428572,10.559688,7.4637966
PSE,ssp1,tx90pETCCDI,14.520548,9.836065,15.890411,15.890411,20.273973,13.387979,10.958904,24.931507,27.945206,14.480874,15.616438,32.876713,27.39726,25.956284,23.287672,23.013699,25.753426,30.601093,21.643835,7.6712327,14.246575,16.93989,23.013699,29.041096,21.917809,25.409836,16.986301,17.534246,29.31507,22.131147,30.41096,26.30137,27.671232,16.393442,23.013699,30.958904,25.479452,24.590164,18.630136,23.013699,27.671232,21.311476,18.356165,19.178082,24.657534,24.590164,22.19178,24.109589,25.479452,15.5737705,30.958904,30.41096,22.465754,20.218578,29.58904,19.726027,17.534246,20.765028,17.534246,29.863014,22.739725,27.322405,15.342465,20.821918,26.575342,21.311476,31.50685,38.63014,28.49315,28.142076,33.150684,26.30137,28.219177,21.038252,23.287672,21.643835,27.123287,20.765028,20.821918,20.0,28.49315,25.409836,15.890411,22.739725,18.630136,32.876713
QAT,ssp1,tx90pETCCDI,17.39726,28.142076,18.767124,15.205479,21.643837,31.147541,18.219177,23.698631,19.589043,19.262295,29.863014,44.657536,36.849316,29.234972,34.65753,40.0,24.520548,26.639343,37.260273,27.534246,27.397259,39.20765,33.150684,43.561646,31.780823,43.715847,27.260275,43.15069,38.767124,40.163933,27.80822,32.19178,54.65753,33.19672,43.69863,39.452057,40.958904,43.442623,35.479454,44.65753,55.479454,37.568306,39.452057,37.397263,51.36986,49.726776,35.34247,28.630136,43.69863,32.37705,36.027397,44.38356,36.027397,39.34426,44.246574,39.31507,41.643837,37.431694,45.89041,49.17808,39.315067,49.453552,43.561646,38.219177,44.65753,28.688524,46.575344,48.219177,35.20548,42.349728,53.69863,42.328766,45.342464,40.300545,38.90411,38.767124,44.38356,50.81967,41.50685,41.23288,34.79452,38.52459,33.150684,35.479454,31.232876,35.61644
ROU,ssp1,tx90pETCCDI,9.117199,5.176078,28.716387,15.367834,22.80061,24.053835,14.667682,29.604261,24.3379,13.792754,21.831556,25.104008,23.835617,23.057072,21.019787,29.797058,34.236427,10.397693,15.996956,8.488077,14.70827,17.678608,19.441908,38.797565,33.729073,30.267153,14.033485,30.091324,30.52258,29.022465,42.983257,16.098427,24.845255,21.529043,33.120243,38.163372,25.717909,35.999798,18.32065,29.081686,12.638255,24.65088,19.59919,27.006596,14.682902,22.576403,43.16083,38.548958,29.518013,26.821493,38.91933,36.463726,26.651445,24.772314,21.329275,29.578894,17.118214,30.732645,13.033993,29.030949,29.178083,23.709776,14.987316,30.218164,22.98833,24.225866,19.649925,21.998985,17.23998,21.812387,17.224758,25.819382,23.307966,16.003845,23.20142,31.572805,19.822426,25.34912,18.021309,18.731607,30.933537,20.71949,16.23034,38.9447,10.010148,20.771181
RUS,ssp1,tx90pETCCDI,18.769749,17.823183,22.602003,19.335012,22.283903,21.365955,21.047802,22.340422,19.671215,20.946104,23.611574,30.102118,21.889296,18.531507,18.288776,28.57477,21.9828,20.801914,18.108217,22.5722,16.154528,20.203604,29.155972,28.08924,27.12209,21.99449,23.777624,31.992613,26.607769,32.781693,39.361774,17.94797,28.27777,21.355251,25.012852,20.601929,24.20618,24.526865,22.65405,25.097971,20.250158,20.193407,27.16069,22.708035,25.051636,20.868565,18.945704,19.708109,21.191607,38.173737,26.934666,34.176884,35.54744,25.254436,22.859486,23.525072,22.140562,36.144627,29.694754,26.51279,23.906229,24.393974,25.705198,25.180239,26.381102,28.021173,21.879025,25.971571,23.583614,21.16577,26.302752,22.910889,28.749666,28.20928,23.902128,29.065647,28.11494,23.400345,23.88117,27.932446,25.948677,20.791992,25.85333,22.62577,18.461876,21.137714
RWA,ssp1,tx90pETCCDI,23.835617,22.768671,14.155251,21.187216,21.643835,26.138433,19.908676,19.908676,21.826485,27.140257,22.009132,34.15525,13.69863,30.965391,22.739725,21.461187,15.342465,33.24226,31.05023,17.351599,41.826485,39.52641,29.497717,27.853882,35.159817,47.905285,28.584475,26.666666,52.328766,51.275043,38.538815,40.82192,37.260273,28.7796,32.054794,43.92694,57.62557,41.712204,24.018265,44.840183,22.557077,35.06375,28.219177,38.721462,45.388126,47.540985,22.922373,37.62557,51.141552,39.344265,30.593607,50.684933,49.13242,31.147543,38.08219,42.83105,35.981735,30.054647,52.054794,49.041096,31.96347,39.25319,35.981735,49.497715,35.70776,43.26047,35.525112,52.328766,32.511414,24.954462,27.031961,34.246574,49.041096,34.972675,27.853882,38.08219,47.85388,38.34244,42.55708,54.611874,56.529682,23.588343,18.90411,38.995434,40.27397,48.584473
SAU,ssp1,tx90pETCCDI,17.632717,25.759087,23.939646,21.559658,26.411753,25.709194,22.034544,25.687511,22.885843,22.813019,32.67024,41.8376,35.674408,33.325413,38.35934,36.10959,27.409967,27.719965,40.28747,33.76375,32.276356,47.533855,34.318047,37.79869,38.48799,43.56221,35.25432,39.70776,41.11177,41.873764,34.2704,39.15823,46.015488,38.03437,46.040104,44.446297,43.957912,41.361366,33.484215,43.52194,45.84157,36.00301,40.145325,38.27834,44.893387,46.0434,36.450268,32.908478,41.69466,37.963093,39.7705,43.073257,38.260075,41.777935,47.675205,35.994442,44.77824,37.665318,47.623585,51.64344,38.627754,48.637047,40.76633,37.020447,46.030575,34.027084,43.79591,50.516575,43.323406,37.90845,48.33353,35.1082,44.378002,39.240517,42.13381,38.08219,44.48521,46.273067,42.373634,45.53107,33.716896,37.637604,42.24181,38.724636,33.128452,43.764145
SDN,ssp1,tx90pETCCDI,11.709275,19.807875,13.004973,27.391153,22.564348,17.086075,18.787191,19.872612,20.301893,21.441998,16.338017,33.768433,26.625078,33.31332,28.822092,15.389582,18.115349,28.579758,30.545326,19.052439,29.2156,43.05889,19.876974,22.00506,26.016926,34.106018,17.80211,19.662333,36.289154,36.90265,27.496729,36.14257,32.35407,17.671679,32.120235,44.50746,38.4408,28.935644,28.612688,32.740597,29.735624,30.812538,31.19972,23.168135,44.18637,32.31788,19.726028,23.821655,30.316727,30.88041,27.882383,38.785446,33.751854,31.802755,41.611553,28.241863,28.416367,19.993212,34.9603,45.398308,28.873573,37.597023,24.035423,38.05427,36.5544,20.014097,35.377365,43.073032,33.908035,21.136578,33.395866,24.174156,32.463135,27.898438,22.280779,30.620365,44.161068,27.812294,36.032635,39.400578,37.830906,22.64105,22.956985,27.028183,34.475174,47.551697
SEN,ssp1,tx90pETCCDI,13.6367655,13.123568,10.905877,21.458242,14.79452,17.8477,19.673,11.126823,27.494474,26.396969,18.311974,25.099426,16.173222,35.19302,24.569157,13.239063,15.908087,31.103472,45.576668,20.627485,22.72205,24.748812,33.937252,14.02563,29.076448,38.788998,18.223597,25.064075,26.513477,36.75304,29.58904,42.59832,36.641624,33.527233,37.578438,42.47459,35.024303,25.20712,32.390633,33.804684,20.44189,24.334568,32.60274,21.087051,43.32302,39.282566,20.503757,30.57004,31.559875,39.132732,21.387537,30.269552,40.12373,28.001057,41.97967,46.495804,24.516129,16.261238,31.78966,37.012814,33.46885,33.324516,26.557667,42.094566,44.604507,20.976557,36.9863,48.39593,38.45338,16.622599,32.143173,34.865223,51.913387,37.99577,30.826338,35.89041,47.450287,37.934074,34.83871,29.580204,33.928417,26.01798,30.60539,30.80866,48.16615,44.180294
SLB,ssp1,tx90pETCCDI,35.525112,27.322403,42.191784,32.60274,40.730595,29.963572,32.876713,31.96347,32.14612,33.333332,51.780823,56.07306,50.86758,44.808743,51.415527,55.068493,50.502285,42.987247,53.150684,42.009132,60.0,51.00182,48.127853,56.621002,52.237442,72.404366,60.91324,53.9726,50.41096,68.943535,61.09589,62.922375,65.02283,70.67395,72.14612,51.415527,70.50228,74.31694,57.62557,52.420094,64.018265,52.914387,67.21461,61.095886,59.452057,64.57195,59.36073,54.429226,53.9726,60.018215,67.21461,59.817352,70.50228,67.30419,62.465755,73.24201,77.26028,75.500916,62.283108,64.20091,51.872147,73.49727,70.136986,62.648403,52.328766,77.32241,65.93607,70.04566,55.15982,46.721313,57.808216,47.762558,48.6758,73.04189,70.68493,59.817352,70.50228,61.930786,55.981735,67.85388,53.881275,55.91985,61.36986,65.29681,63.0137,64.018265
SLE,ssp1,tx90pETCCDI,22.420092,19.626593,10.433789,24.908676,31.940638,14.321494,34.315067,23.744293,26.643835,36.862476,29.109589,38.561646,30.593607,47.13115,38.63014,26.461187,30.479452,29.735884,49.931507,37.283104,29.452055,50.341534,58.561646,29.56621,21.164383,59.01639,35.20548,32.945206,45.59361,57.923496,37.351597,57.716892,46.187214,41.962658,44.58904,51.735157,52.671234,42.213116,43.082195,53.995434,28.401827,47.13115,64.3379,40.662098,43.881275,59.972675,32.009132,42.283104,54.634705,51.8898,49.38356,58.196346,63.767124,47.42714,51.164383,60.958904,45.684933,40.96084,42.739727,51.004566,53.424656,42.09927,49.315067,62.990864,49.885845,37.591076,44.337902,65.82192,52.21461,27.641167,36.278538,38.08219,43.44749,52.07195,43.721462,41.004566,66.96347,50.022766,55.684933,55.913242,53.607304,36.908016,50.45662,43.858448,56.21005,61.07306
SLV,ssp1,tx90pETCCDI,19.123287,10.382513,19.780823,31.835617,14.79452,19.726776,27.726028,9.424658,22.136986,21.967213,11.397261,20.273973,15.890411,28.196722,21.58904,19.232876,30.849316,29.945354,30.575342,35.0137,31.506847,33.6612,49.91781,21.80822,37.15069,46.284153,26.794521,31.342464,43.17808,40.601093,37.589043,35.232876,30.0274,34.371586,30.68493,50.46575,38.849316,32.459015,46.958904,49.91781,25.205479,30.0,25.424658,36.10959,48.164383,36.72131,13.589041,43.616436,49.972603,33.22404,33.69863,55.452057,39.616436,24.098362,29.9726,47.17808,27.452053,15.68306,36.60274,45.36986,56.383564,29.726776,31.28767,53.69863,36.164383,25.846994,38.958904,65.69863,31.671234,29.07104,26.465754,41.42466,43.506847,32.0765,32.328766,44.71233,58.19178,41.85792,37.972603,31.013699,34.30137,46.612022,34.08219,48.657536,54.794518,39.671234
SOM,ssp1,tx90pETCCDI,31.696524,19.973377,16.606955,15.486477,36.146824,21.041754,29.255356,19.25887,25.528627,17.752558,17.853882,45.5497,23.856691,43.589745,50.60766,28.623112,20.32666,31.704498,35.634003,26.740429,26.340006,40.47569,54.07095,45.09308,36.663155,41.382935,47.091675,47.239197,31.433086,46.763348,44.629436,45.293293,48.124344,56.144035,40.56902,31.162626,51.696526,44.8788,45.581314,52.086407,63.308743,36.916775,53.27713,48.4229,39.67334,71.875435,48.299965,40.96944,33.010185,34.117977,48.47559,45.36354,60.871094,46.392044,49.248333,38.13839,54.32034,47.29228,43.055847,35.774498,41.689495,53.741066,48.956795,45.04742,48.23323,41.13423,45.823673,49.592556,55.345978,41.165756,44.717247,36.779064,45.51809,49.730278,43.56867,37.1549,44.45732,49.551632,45.100105,38.09624,34.812084,37.337116,36.779064,40.60766,34.23604,52.325256
SRB,ssp1,tx90pETCCDI,9.150685,6.844262,29.38356,14.123288,23.328768,26.530054,15.657535,30.643835,33.232876,16.653006,24.602741,26.90411,25.369862,20.532787,17.369862,24.849316,29.068493,15.068306,15.534246,7.8904114,15.287671,13.4153,20.972603,36.630135,36.10959,24.713116,17.424658,30.383564,27.136988,29.248632,45.80822,18.30137,23.602741,25.040983,29.273972,40.164383,24.260273,38.907104,19.0,27.397259,14.657535,28.907104,21.821918,31.260275,16.452055,25.724045,39.328766,39.46575,31.917807,26.8306,39.46575,25.945206,30.369864,22.978142,22.013699,33.91781,21.123287,33.07377,14.273973,37.136986,30.534246,20.846994,14.20548,24.520548,25.69863,26.338797,20.136986,20.397259,19.328768,24.385246,19.479452,31.452053,24.123287,12.431694,30.30137,28.602741,18.28767,24.262295,17.684933,19.575342,26.520548,21.297815,12.315069,40.30137,8.671232,21.71233
SSD,ssp1,tx90pETCCDI,9.939829,15.624841,10.556907,12.016387,11.0587635,6.159032,15.777749,14.100627,10.144669,10.25484,8.462424,22.939444,13.839457,21.65875,19.155039,10.577392,7.9503264,18.584341,18.875944,17.352451,28.869543,40.991264,10.61836,14.456536,14.615286,24.710178,13.0072975,9.970554,27.801817,24.572289,15.529382,15.114582,16.842915,7.640059,18.202536,25.062092,22.81142,21.638323,17.508642,19.818205,21.167583,20.655228,17.401102,15.132505,34.804764,25.111076,9.660735,13.186531,30.52618,23.604515,22.773012,27.620024,25.61516,19.774271,29.31507,18.627577,22.063755,17.67019,29.414927,39.275383,17.81846,19.861092,15.875048,25.971066,25.072334,10.236965,28.872105,31.747536,19.654333,9.414739,23.84842,17.493279,25.912176,17.66253,17.275637,28.697989,38.655743,23.387466,40.870567,30.595316,28.649342,20.364128,6.099091,13.089233,26.137499,29.105108
SUR,ssp1,tx90pETCCDI,25.46754,41.850796,26.968433,45.491364,37.70101,43.502018,36.069088,21.02442,41.91781,44.73747,29.18404,29.07683,31.292435,63.910667,43.84753,21.238832,34.98511,55.868378,60.51221,13.674806,25.026802,59.23022,69.54139,41.072067,44.50268,73.88929,17.653366,26.622992,61.965454,83.28581,59.23764,74.234665,77.98689,58.648136,57.867775,72.150085,65.97975,24.459492,46.110783,74.86599,39.416317,47.873604,74.044075,45.598568,67.21858,73.79425,24.8243,14.175104,59.023224,71.44215,51.137585,56.14056,74.4729,61.903065,63.00179,73.650986,45.360336,45.307674,59.630733,87.07564,71.852295,61.012115,54.746876,66.920784,76.37879,36.029938,52.936275,83.08517,62.75164,17.46258,35.89041,35.926147,60.66706,61.10715,23.228113,55.211437,64.66944,47.826088,45.01489,59.74985,68.96963,54.46662,46.325195,56.081,70.720665,75.878494
SVK,ssp1,tx90pETCCDI,13.333333,9.502125,31.263319,20.121765,29.13242,24.893745,13.120243,23.866058,29.284628,15.452336,19.178082,20.42618,26.423134,25.197329,13.789954,27.488585,29.13242,7.984214,15.43379,14.824962,20.182648,18.670311,19.086758,36.13394,35.098934,29.204613,22.770166,31.993914,33.607307,38.615665,41.55251,17.656013,16.834095,23.375834,29.74125,33.729073,25.814308,27.868853,26.5449,27.671232,15.555555,29.204613,15.85997,24.840183,21.187216,24.31694,42.739727,35.677322,32.724503,29.052822,39.51294,33.850838,35.64688,23.193686,22.283104,31.567732,23.652967,41.347908,15.951294,37.503803,35.28158,27.868853,21.27854,34.033485,17.168951,23.041893,23.105022,18.325722,16.1035,21.281118,14.855403,26.849314,16.042618,17.334547,16.347033,24.7793,17.716896,23.315117,16.803654,21.461187,21.643837,16.302368,13.759513,43.25723,8.462709,16.194824
SVN,ssp1,tx90pETCCDI,14.356165,8.1420765,34.794518,15.726027,29.260273,30.273224,11.835617,29.808218,32.547947,14.863388,18.90411,24.164383,24.438356,23.333332,9.972603,23.890411,31.013699,12.2404375,19.616438,16.054794,19.561644,18.469946,24.383562,39.72603,35.452057,33.22404,28.602741,28.438354,33.91781,31.147541,44.876713,16.876713,16.71233,31.420765,32.82192,32.219177,27.342464,33.715847,26.465754,25.917807,14.082191,31.584698,16.71233,27.780823,22.849316,33.06011,45.479454,36.273975,31.780823,29.67213,40.438354,23.561644,42.410957,27.213114,25.479452,33.42466,30.575342,41.748634,15.39726,38.356163,38.410957,23.661203,24.876713,28.821918,20.164383,30.218578,31.28767,17.69863,20.273973,19.07104,14.904109,32.10959,25.31507,16.557377,27.780823,30.739727,18.958904,29.234974,16.054794,24.054794,24.49315,19.836065,16.054794,41.260273,9.479452,18.68493
SWE,ssp1,tx90pETCCDI,21.9022,27.699385,28.252123,26.632565,27.742327,23.673653,34.740765,21.324778,26.913473,18.022411,17.128489,18.77926,21.598751,23.670195,24.461592,30.379747,26.592684,15.117245,14.973123,35.35287,29.24224,24.374004,22.186579,23.13161,37.747528,28.256208,44.414772,35.056355,34.730362,33.492424,28.865961,25.723946,25.306051,20.095802,25.623375,33.41599,34.860413,26.905651,25.540142,30.981445,26.103695,25.204054,29.132998,22.079071,25.718746,22.935257,26.38807,24.921103,24.201492,30.91755,25.762094,32.25594,39.880352,35.31507,20.386683,20.426565,29.954918,37.99716,27.105947,27.003641,29.134731,45.379402,25.368477,34.416508,21.475637,29.729542,23.322351,29.462458,14.995666,16.14097,14.974856,24.693949,14.619387,15.466556,16.707127,27.8481,17.95561,28.339212,30.1734,20.482052,24.602047,25.229992,33.82348,29.535286,23.598059,15.080631
SWZ,ssp1,tx90pETCCDI,8.493151,20.03643,6.849315,17.716894,9.954338,10.291439,23.65297,9.497717,23.47032,15.846993,21.369864,13.150684,14.155251,29.96357,19.360731,12.785388,11.689498,11.566485,18.082191,11.050228,29.31507,20.21858,29.954338,17.260275,18.173515,37.249546,9.863013,19.726027,16.712328,23.861567,23.0137,35.707764,21.826485,25.409836,18.447489,22.557077,27.762558,21.038252,12.876713,23.287672,17.351599,19.125685,30.593607,21.73516,31.415525,33.788708,14.246574,11.96347,28.127853,22.677597,13.69863,23.378996,21.73516,14.845173,14.885844,26.575342,16.164383,25.50091,16.164383,30.319635,37.716892,20.765028,31.415525,22.739725,28.03653,29.326048,30.319635,32.511417,41.643833,21.129326,17.442923,26.118721,19.543379,14.480873,22.009132,34.79452,35.61644,21.038252,19.178083,24.200912,33.51598,30.874315,24.657534,21.004566,40.913242,41.82648
SYR,ssp1,tx90pETCCDI,13.078587,16.285591,18.91132,21.694304,22.408075,16.472534,13.958183,31.557318,28.298485,19.427668,28.767122,42.516224,32.19899,30.040264,37.76496,31.341022,32.28551,28.968939,25.328047,17.483778,24.650324,18.21973,28.86085,37.69286,32.076424,34.879204,21.319393,32.19899,34.87383,29.83175,34.03028,31.816872,31.067053,23.806442,33.078587,29.149244,36.474403,41.666668,26.29416,31.838501,35.89041,28.537533,27.036768,28.666185,36.950253,32.607132,35.92646,31.694304,34.87383,23.907104,39.790916,37.06561,24.823359,29.78142,34.188896,22.833452,29.091566,33.570606,29.372747,28.673397,25.594809,38.819386,31.651047,28.594088,30.627253,26.833477,34.967556,43.064167,38.85364,36.137474,45.054073,34.84499,28.543621,30.39977,31.081472,19.97837,34.434032,30.601093,26.258112,27.7938,23.583273,27.588436,24.751263,27.202595,16.337418,36.97909
TCD,ssp1,tx90pETCCDI,11.228999,15.554439,12.309382,30.096924,24.057896,17.277554,18.884726,16.487465,20.723701,22.617022,15.052985,30.158957,25.130526,36.8904,26.216076,11.797623,14.905661,33.792145,31.901009,13.769708,29.041096,46.10398,27.521322,22.775911,24.259499,34.769047,13.873095,21.2626,36.381493,36.568203,27.978806,36.90747,33.562935,18.19002,31.07909,48.39106,34.012665,23.562996,25.090464,32.889633,29.073404,32.764977,29.08762,18.53709,39.70406,36.65584,14.528302,21.018353,32.261566,30.188679,24.495995,36.880333,31.78987,31.83189,47.287415,29.723442,24.020418,15.502887,37.835358,46.271645,36.37891,35.030674,20.11631,44.3099,36.249676,17.692545,35.379944,54.870766,33.63272,19.124393,34.083744,21.111397,33.09899,32.01361,18.96614,32.556217,45.644867,23.989588,35.07754,37.962006,45.882656,21.49835,27.778496,25.740501,45.306282,52.44637
TGO,ssp1,tx90pETCCDI,17.660696,9.815048,11.738672,21.454163,25.795574,9.709962,32.413067,8.366702,21.685986,37.83102,16.902002,27.12329,15.995785,42.770073,33.108536,14.857744,18.545837,22.950819,44.257114,30.094837,24.046366,42.328712,44.34141,16.923077,25.24763,42.181587,22.71865,32.012646,33.48788,38.839848,27.270811,36.50158,37.85037,36.17066,39.8314,42.31823,42.5922,27.007145,34.625923,38.271866,33.192833,34.405212,40.231827,30.684933,39.747105,50.37831,20.674395,26.659641,40.21075,46.763348,39.07271,32.539516,39.936775,34.552334,47.502632,49.29399,32.139095,23.371164,29.10432,46.680717,37.99789,32.95502,31.696524,46.42782,45.057957,20.176544,51.548996,53.69863,47.376183,29.234974,34.330875,43.0137,36.83878,39.932743,44.109592,35.637512,51.232876,36.885246,58.08219,34.857746,34.5627,32.74485,32.181244,27.776608,55.11064,56.164383
THA,ssp1,tx90pETCCDI,12.427274,7.938847,7.554256,18.436201,19.171926,11.4999695,26.85547,12.107127,23.678621,32.452263,18.725565,18.04833,10.232415,30.112974,11.703863,13.356934,10.789596,16.933752,45.22395,17.014006,11.340619,29.763,38.183777,20.674158,25.516394,48.286976,18.88564,26.073572,29.290442,37.852276,29.050331,44.374325,30.617207,23.257812,27.08327,45.328613,38.580883,15.650518,17.555794,41.736187,17.87902,17.722723,47.203323,24.749886,38.300755,46.25775,14.742188,14.655994,28.948748,53.355434,27.384947,23.026012,39.230415,23.81654,36.090504,50.85732,25.236261,21.983791,30.82038,52.818222,42.41342,27.607908,26.236727,38.916424,48.400803,23.208694,35.918118,44.728336,42.000923,19.383556,19.44282,13.433893,33.06449,39.595997,17.066338,31.620749,48.096043,26.09136,31.082037,25.217793,39.356625,30.690119,27.409575,31.743883,54.16038,47.917503
TJK,ssp1,tx90pETCCDI,24.499474,19.829762,21.06428,29.093782,24.162275,27.942413,26.564806,30.021076,32.24447,19.651114,17.492098,22.044258,37.95574,44.16772,32.781876,30.832457,25.331928,26.681377,36.923077,32.128555,21.33825,32.482136,35.300316,30.379347,39.388832,37.99916,33.445732,44.488934,19.736565,41.267338,37.218124,36.564804,42.212856,39.007988,27.428873,29.315067,27.439411,41.61412,50.621708,42.739727,46.501583,34.13199,26.480507,34.752373,46.501583,41.656155,29.251844,43.65648,26.38567,26.839008,31.517385,41.169655,30.727081,39.11307,41.42255,39.62065,48.387775,44.724674,35.806114,23.530031,20.347734,33.007565,42.634354,30.316122,26.849316,35.34048,40.358273,24.499474,50.421494,49.096256,44.025288,29.135933,37.903053,20.20807,27.028452,28.155954,26.796629,28.709541,29.926239,34.71022,18.018969,31.99874,31.022127,30.727081,20.368809,44.678608
TKM,ssp1,tx90pETCCDI,22.648403,14.486078,20.294847,18.601435,15.934768,18.813427,17.568167,23.295498,18.630136,12.354932,20.451403,27.551207,26.541422,27.702316,21.427267,23.67906,14.995434,20.031227,25.335941,20.352251,23.097197,18.834244,23.953033,23.890411,35.128506,27.377048,19.911283,33.13242,18.176125,25.84179,26.27006,30.992825,24.92368,28.017174,18.658838,23.073711,24.34703,24.30393,31.14938,27.527723,34.544033,19.331251,23.214611,25.095892,36.91846,23.983866,22.72929,30.426613,20.855839,24.361177,23.64514,31.809525,23.102413,27.686703,30.497066,24.109589,29.65949,28.116055,31.266796,20.193085,18.126549,26.679678,31.337246,23.46771,24.339205,25.8522,27.788649,21.001957,31.559036,32.271664,31.699934,22.277885,26.593609,21.680979,18.296152,19.439009,25.388128,18.81603,27.12329,25.359426,17.573385,26.552172,23.85388,21.58904,21.16895,24.85062
TLS,ssp1,tx90pETCCDI,18.447489,12.84153,13.150685,15.799087,32.054794,15.209472,35.25114,21.917809,33.972607,30.874315,28.675798,33.333332,15.616439,47.540985,32.694065,20.456621,27.945206,24.408014,44.65753,19.360731,23.561644,56.73953,53.78995,28.85845,16.712328,58.56102,24.56621,29.31507,23.378996,55.46448,35.342464,62.283108,54.703197,61.11111,48.401825,56.07306,51.96347,37.43169,28.03653,50.684933,34.97717,13.934426,50.31963,28.03653,35.981735,46.90346,29.31507,33.607304,26.118721,50.637524,33.698627,16.347033,65.84475,34.06193,38.356167,68.949776,30.68493,33.788708,24.931505,58.17352,61.278538,47.996357,53.424656,41.09589,53.424656,35.519123,48.401825,69.406395,43.92694,28.961748,18.630136,22.191782,35.707764,52.823315,24.200912,42.283108,71.50684,51.73042,16.712328,38.90411,63.561646,33.24226,42.465755,41.36986,49.223743,55.707764
TTO,ssp1,tx90pETCCDI,21.09589,61.47541,30.136986,71.23288,44.10959,47.81421,32.328766,57.80822,75.34247,68.03278,64.9315,74.246574,70.41096,88.251366,87.39726,32.876713,39.72603,79.508194,96.16438,42.46575,61.36986,96.44809,93.69863,71.50685,81.369865,98.907104,76.438354,60.27397,98.35616,100.0,97.53425,96.438354,99.45206,90.71038,93.69863,99.72603,98.904106,73.49727,82.73972,93.9726,78.904106,71.31148,93.15069,69.58904,95.61644,92.349724,52.60274,53.424656,87.39726,96.72131,82.19178,77.80822,97.80822,88.251366,98.904106,99.72603,95.89041,91.25683,97.53425,99.72603,97.80822,98.36066,85.479454,98.630135,96.9863,76.775955,95.0685,99.45206,94.246574,41.80328,85.20548,82.46575,99.178085,98.36066,72.328766,93.42466,99.178085,93.169395,90.9589,98.35616,98.630135,90.43716,89.0411,90.9589,98.35616,98.630135
TUN,ssp1,tx90pETCCDI,22.309196,10.444964,16.986301,8.626224,18.285715,23.075722,17.291586,18.786692,32.649708,14.332553,15.639922,22.05088,27.671234,23.403591,21.354208,20.320938,17.330723,17.697113,26.536203,19.46771,15.851272,14.621389,28.289627,26.65362,34.317028,19.828259,18.544031,24.931507,18.356165,26.034348,37.471622,24.367907,29.58904,29.820452,31.0137,34.09002,19.303328,33.762684,26.528376,29.19765,21.103718,20.936768,19.992172,21.847359,20.352251,24.332552,26.857143,22.074364,24.015656,22.084309,31.624268,22.75538,23.342466,18.24356,26.536203,33.996086,23.5773,23.372366,20.446184,38.01174,27.890411,21.444183,19.945206,21.565557,30.82583,27.907885,27.968689,21.76908,31.702543,20.515223,26.864971,20.665361,29.87867,18.46214,26.810175,23.976517,24.273973,26.0968,18.48141,16.407045,19.28767,26.736925,21.017612,28.203522,24.516634,27.882582
TUR,ssp1,tx90pETCCDI,12.879955,13.292592,24.913675,19.06136,22.01994,19.791769,20.293427,30.034855,34.548107,20.003557,33.594875,35.613197,35.528896,26.971579,39.194294,35.201427,41.530357,21.649368,17.71095,13.755369,22.146389,22.33647,27.771744,42.323093,34.99392,32.900055,22.076681,32.65786,34.86909,35.41889,40.946747,32.442245,29.906784,22.157015,31.785685,34.36168,35.721813,43.491123,27.262707,32.99992,29.918133,27.206003,25.187647,32.65786,28.509361,29.941475,39.661182,39.035423,38.056255,19.851585,40.492825,46.507256,22.922915,31.923563,28.62284,24.890978,26.01443,33.194294,27.019535,31.192348,28.528818,34.34216,29.222662,27.786335,33.534897,30.75468,31.046444,38.450188,37.190567,39.171272,40.500935,38.994896,30.347734,24.898954,34.08284,21.74921,26.560753,27.278753,26.538057,24.471102,27.42806,28.03214,26.614248,33.876957,16.67018,33.228497
TWN,ssp1,tx90pETCCDI,27.279844,16.393442,21.056751,27.04501,26.34051,22.482435,29.275928,16.555773,27.00587,27.556597,17.495108,13.581214,18.395304,44.496487,24.77495,22.465754,19.452055,25.604996,39.17808,29.863012,22.191782,32.12334,38.043053,19.491194,34.44227,44.808743,34.637966,22.857143,26.927593,26.658861,18.747555,33.77691,41.487278,35.79235,36.2818,42.661446,33.542076,33.68462,31.272017,40.078278,35.381603,25.917252,36.24266,22.074366,34.246574,40.20297,21.839529,25.596869,35.89041,37.665886,31.585127,30.998043,32.015656,24.160812,32.837574,46.966732,32.093933,28.02498,32.17221,47.4364,42.113503,35.16784,24.540117,51.819958,52.60274,32.825916,38.864967,39.412914,51.74168,31.10851,32.015656,24.383562,28.767124,31.264637,23.7182,33.73777,41.83953,43.481655,34.09002,33.38552,30.998043,37.54879,36.829746,40.978474,42.857143,35.733856
TZA,ssp1,tx90pETCCDI,17.51505,29.306324,12.909868,17.298664,19.261845,21.636908,20.16927,15.162725,18.375359,26.147717,20.495592,28.46872,12.1839285,31.834951,26.236803,20.851583,16.286537,29.384638,25.015268,13.560771,28.23663,40.978386,29.217344,19.028008,22.806038,35.158886,18.073465,15.780473,34.394905,45.186382,26.369427,32.883694,37.93037,28.011555,23.699503,29.866503,38.89713,28.262157,29.927582,43.645405,17.88849,25.528175,40.164036,31.993717,38.13978,48.00738,20.415321,29.883953,39.9302,33.220215,37.200943,42.2197,47.474045,21.086979,45.72376,34.358257,27.16866,20.307335,42.718784,44.929764,30.08289,32.21955,27.763721,38.829075,39.40843,19.79047,26.45319,43.4011,37.270744,23.94104,28.993979,22.303463,44.774452,28.578886,22.694355,28.660675,40.364716,32.82169,30.754734,40.58459,46.128613,29.723991,21.574034,31.117704,32.110634,41.03307
UGA,ssp1,tx90pETCCDI,17.590446,24.288918,13.761855,12.363892,13.319283,21.325487,13.881279,17.920618,13.136634,13.556116,15.672637,28.507198,14.120127,23.805521,22.072357,17.801195,12.687039,20.57587,19.121883,20.52687,35.581314,38.650696,9.525816,23.020723,28.085703,27.868853,19.522305,23.716192,46.95469,33.753677,29.582016,19.58553,27.046015,11.538462,26.273268,22.079382,31.099403,33.949837,26.055496,18.43344,17.1549,28.891693,14.682121,25.19143,42.521954,27.18229,19.339657,25.317879,39.480156,19.447948,22.852125,37.604496,35.370564,22.90178,34.07095,20.547945,28.352652,26.579796,48.46505,40.133472,13.403584,21.970016,25.09308,31.429575,22.817001,23.132969,32.834564,38.22269,10.586582,9.541824,21.376888,23.877766,39.149982,16.505533,16.375132,31.96347,34.274673,28.541403,34.492447,38.587986,35.64454,17.640465,7.910081,16.171408,29.996489,24.791008
UKR,ssp1,tx90pETCCDI,13.574274,4.1739335,25.176334,16.885263,19.648304,19.20707,13.976489,23.118624,19.630817,15.858622,23.066162,24.605072,23.577188,25.572609,18.851646,32.7951,29.39862,10.479402,12.138347,8.994462,17.174778,18.658682,19.943651,36.177982,35.92539,28.066504,11.452444,35.26863,31.170698,28.008371,36.475273,14.122219,22.774702,16.031082,26.215874,24.340813,25.285147,29.620588,15.037404,27.6246,12.868939,22.69116,17.361315,22.75527,19.08287,16.339186,35.830173,29.993198,21.904207,25.747005,36.556885,39.735744,29.229572,23.23567,21.581657,21.797337,13.609248,28.192457,17.153404,19.68328,22.053823,22.03426,15.221994,27.31565,18.744778,14.184397,20.981249,19.522005,17.674147,23.437197,20.305061,20.837463,24.397163,17.180172,15.682503,27.937433,16.071115,22.772545,21.626348,17.691635,34.755657,27.750648,23.462547,31.22122,14.802293,20.629555
URY,ssp1,tx90pETCCDI,11.29734,7.939569,14.439967,12.377115,16.107977,21.745419,5.1248994,11.966156,14.899275,7.015429,10.636583,8.751007,14.101531,8.735133,11.240934,19.492346,15.213537,14.625523,13.7147455,16.373892,20.878325,11.55577,11.764706,11.466559,13.424658,15.244295,10.838034,15.584207,18.799356,8.686917,13.505238,18.952457,17.816277,13.56477,15.519741,10.225624,8.86382,15.25233,18.066076,14.59307,19.846897,11.033429,10.153102,14.826753,12.401289,7.6181293,14.947623,17.15552,17.743755,11.989714,11.86946,14.730056,10.354553,15.316618,26.95407,13.344078,18.428688,16.072002,17.252214,11.62772,17.308622,9.153006,11.547139,19.137793,8.186946,18.193506,10.443191,19.975826,13.223207,12.857602,9.443996,15.229653,14.826753,12.367407,18.066076,23.223207,13.166801,15.927354,15.245769,23.392426,20.136986,16.039858,10.2739725,12.933118,14.254633,14.59307
USA,ssp1,tx90pETCCDI,21.399025,15.040488,23.756054,16.443516,26.306171,22.144312,16.979462,24.686815,21.198015,23.44042,24.57101,26.051758,23.969303,18.288418,27.16913,31.780703,19.149641,23.423067,19.477016,23.847258,23.9219,22.096682,22.265583,34.709435,29.182104,27.767246,35.292065,28.664879,29.202984,29.262497,28.410467,26.652386,23.253109,29.236288,28.228897,18.365767,27.705793,28.277552,29.925657,27.935246,26.865875,26.84932,31.73066,29.851255,21.455667,25.759415,23.212069,21.595234,22.679123,26.868467,25.479092,27.883041,28.47719,30.987055,31.211395,27.250013,31.514889,35.041252,27.346258,35.52415,30.300793,32.386322,31.268158,24.670374,25.079115,26.492321,27.502026,31.672216,28.733643,32.92751,28.48655,23.071901,22.544117,30.244932,26.684067,26.51066,25.359085,27.66959,27.468542,31.562292,25.03063,22.462296,23.327272,22.659323,27.997408,20.909163
UZB,ssp1,tx90pETCCDI,22.647497,13.761294,20.713413,21.665537,17.279263,21.895796,15.969076,26.784214,20.594059,13.409619,21.128443,30.26719,29.957954,28.867067,22.98386,25.482166,16.83982,20.169886,28.79425,21.456667,22.926895,21.96072,26.729961,25.878204,36.65265,31.634476,22.324697,37.08124,18.659975,27.12763,31.395634,30.294317,28.796963,29.98972,18.025227,23.558931,24.969482,23.789427,33.514175,30.562864,34.05398,21.192448,25.096975,27.733624,40.170895,25.921116,25.62322,30.259052,22.479315,24.690256,27.484064,35.684254,24.79859,28.720985,33.16425,25.636782,28.154078,31.948277,33.31615,20.906008,20.973824,24.857977,31.333242,26.545504,22.804829,24.419739,30.153263,23.691849,33.31073,34.19629,35.11732,24.22623,31.756409,22.342152,20.75139,21.898819,28.056423,19.810097,28.202902,27.45965,19.609386,26.881458,23.879017,24.812153,19.587685,28.476873
VEN,ssp1,tx90pETCCDI,20.270294,21.476511,19.760963,38.58233,37.824768,25.06693,30.427507,25.199963,36.513744,25.723402,29.736141,25.416935,36.49352,59.8489,38.60623,20.036776,33.03852,39.16456,48.02979,13.886181,24.214397,49.43338,60.1232,31.687044,45.023445,64.253494,16.458584,21.456284,51.089455,59.31712,43.55797,58.205387,56.30413,49.559906,42.305782,62.495174,49.50262,37.28683,39.773834,64.67409,29.936563,44.399822,58.727592,35.60357,53.943184,53.11732,19.57709,34.958168,46.474213,55.092236,42.546658,50.39073,54.95449,38.913338,47.45794,63.982716,43.24538,29.319323,46.005333,64.49756,60.632523,50.238384,35.574146,54.566517,54.447,38.31188,50.813644,69.54491,50.686768,21.30414,33.11575,32.041924,56.350094,47.154068,23.955133,51.63924,57.09111,41.324677,52.38209,46.9247,43.966167,48.646717,48.87561,52.477707,64.321045,58.758846
VNM,ssp1,tx90pETCCDI,11.5114155,9.799636,10.872147,20.730593,24.643835,16.334244,25.94064,13.4885845,20.80822,29.394354,18.730593,20.292238,11.881278,30.974499,16.027397,13.2739725,9.853882,20.318762,41.968037,17.858448,12.401826,31.835154,38.086758,19.369864,26.19178,47.59563,22.305937,21.07306,27.913242,36.90346,24.799086,35.6484,27.004566,25.091074,27.799086,45.37443,41.246574,18.39253,19.3242,36.063927,23.19178,23.775045,44.9863,18.858448,36.94977,42.39982,16.118721,15.502283,28.337898,46.288708,21.694063,26.365297,37.42466,20.48725,29.849314,49.273975,29.826483,20.842442,24.255709,51.52055,42.18265,28.7796,24.159817,40.6895,44.703197,21.912569,33.237442,43.707764,44.799088,18.820583,21.680365,15.127854,33.92694,37.677597,18.305937,33.931507,45.52968,28.123861,29.968037,20.369864,37.315067,27.937159,26.452055,37.109592,49.602737,44.438354
YEM,ssp1,tx90pETCCDI,20.50685,25.379099,22.715754,23.380138,27.554794,21.594944,28.071918,18.965754,23.44863,21.5403,22.777397,30.215754,30.719177,38.10792,40.246574,30.102741,27.058218,29.655054,43.568493,37.160957,37.106163,52.51366,34.77397,27.30137,33.835617,34.918034,30.119864,39.578766,41.791096,43.98907,39.66781,39.256847,47.60274,47.011612,42.34931,47.044518,47.626713,36.40369,38.589043,41.606163,38.77397,36.96038,35.56507,35.972603,38.797947,48.821724,32.496574,35.07192,45.31164,38.855873,40.619865,43.44178,51.239727,37.192623,45.67466,42.78767,46.376713,29.914618,45.054794,50.78425,43.280823,49.60724,41.71575,45.92808,50.482876,28.780737,40.25,45.7363,35.979454,31.35929,36.11644,35.839043,48.33219,46.53347,44.869865,40.35274,43.202053,51.834015,48.41781,43.33219,41.53767,41.62227,51.886986,54.431507,41.10959,44.80137
ZAF,ssp1,tx90pETCCDI,11.483026,15.574959,8.296605,11.409172,10.414533,17.10739,30.136986,10.802858,20.942228,22.927061,17.755808,22.594402,9.169744,25.894512,27.761763,18.246576,10.277547,13.158708,23.827278,9.142346,31.424658,13.940366,29.89875,13.961883,13.305539,35.491802,14.332341,16.26087,18.613459,22.662151,26.667065,34.99821,22.102442,18.808504,18.556284,32.89339,25.868969,23.98432,12.424062,34.507446,13.149493,24.515324,25.075642,30.021442,18.929125,26.636969,15.7522335,12.899345,20.612268,22.556427,17.25789,31.248363,23.623587,16.905441,11.174508,27.092318,21.938059,18.763365,17.030375,37.00655,33.82847,18.980755,32.919594,18.123884,21.461584,21.313852,16.375223,24.53246,41.361523,13.885721,7.9392495,25.50685,18.83502,19.04134,24.042883,39.50804,38.9458,19.548586,16.481237,22.128647,25.963074,19.692326,28.341871,15.51757,35.09708,35.34366
ZMB,ssp1,tx90pETCCDI,13.787008,22.756918,12.598321,24.257624,20.627485,18.70483,17.015024,16.184269,25.16792,24.95593,16.089262,23.632345,12.695537,36.770668,21.14671,18.652231,19.673,22.358099,32.1255,14.55148,22.620415,41.66887,34.26867,18.263367,26.679188,40.96818,18.243483,25.247458,23.285461,33.324516,28.203712,45.73575,40.678303,34.90217,21.171013,33.95051,41.14892,25.993742,32.330975,45.48829,20.417587,33.507404,35.67388,23.21034,44.06319,46.844704,17.178524,26.82722,31.164383,36.84999,34.507294,39.23332,43.70305,19.372465,32.284576,43.870968,27.134335,24.460161,32.956253,50.81087,40.16129,39.2385,36.067165,40.94344,39.005745,23.464216,23.400352,49.032257,47.326557,28.13106,24.869642,23.663279,31.681396,34.410805,28.4578,33.12859,47.36191,39.93478,45.94123,48.608044,47.27574,32.343998,38.232433,43.52629,44.317276,45.607597
ZWE,ssp1,tx90pETCCDI,5.9028645,15.366782,7.343296,21.278538,14.200912,10.531545,10.236613,14.777916,28.518057,22.934261,12.98049,12.689913,7.9493566,35.45289,15.81154,18.812784,13.370693,15.40818,24.441677,8.45164,22.208385,35.42805,27.953508,20.892487,15.969283,31.089584,13.312577,20.560398,18.14861,22.561682,22.050642,50.7555,30.386053,28.063421,24.632627,24.080532,41.747616,20.135784,19.875467,48.51806,12.561229,23.46829,29.92528,18.501451,41.92611,37.800133,12.478207,17.878788,25.778332,29.669647,28.650892,26.03985,33.225403,16.472097,26.467415,28.086342,19.153175,24.962742,16.699875,36.08551,34.541306,25.774136,27.289333,26.787048,30.689083,27.7488,14.205064,44.97717,42.72312,23.6049,20.568699,35.193027,32.669155,27.074018,23.34994,29.54753,36.41345,30.779102,35.51681,33.217102,28.883354,24.528067,28.327106,44.91075,52.158573,35.334164
